100 8497
50 9 10
17 3 7
26 65 6
86 61 6
16 59 4
35 22 1
93 95 5
4 97 2
81 70 7
15 45 6
37 49 6
24 48 9
76 60 2
37 77 3
3 7 3
43 6 1
69 19 7
2 40 3
72 95 3
42 5 4
32 9 1
89 12 10
23 20 6
98 2 4
27 4 4
10 56 4
10 83 4
31 67 1
33 42 9
89 5 4
79 25 9
87 16 1
46 0 4
71 80 4
3 58 3
20 91 4
28 90 8
52 56 3
63 46 6
94 42 5
17 9 6
86 19 6
90 96 9
83 25 2
53 76 7
34 51 2
35 76 1
96 64 1
52 40 3
77 54 9
81 54 7
73 66 8
74 45 6
35 45 9
40 67 8
99 95 3
93 6 8
64 91 7
69 40 8
90 39 7
0 20 1
91 32 5
9 60 6
58 99 3
89 39 10
60 7 3
89 7 9
92 30 3
51 6 4
67 48 2
45 77 10
18 27 4
14 60 6
13 42 1
51 8 10
70 71 5
49 89 6
22 29 2
35 38 9
93 69 6
16 66 1
39 4 5
70 81 1
16 44 2
42 35 5
76 32 10
38 49 2
54 23 1
15 60 4
68 5 4
76 65 8
44 46 2
37 67 7
60 70 2
86 77 5
76 37 3
81 59 8
46 54 10
5 49 1
15 96 10
14 69 3
98 13 4
99 59 3
78 18 1
32 29 4
2 5 9
38 40 5
91 23 7
41 97 2
29 40 9
6 57 1
51 55 7
38 9 9
35 93 4
22 18 3
8 5 5
7 1 6
60 6 7
77 92 10
2 56 10
67 77 5
23 84 9
71 4 3
56 29 6
79 6 8
14 50 5
91 8 10
48 64 2
78 31 8
64 61 3
79 4 10
83 74 7
40 4 4
38 76 10
66 13 7
24 5 1
65 46 10
94 0 1
63 36 2
55 69 6
63 47 2
28 41 4
79 1 10
12 42 2
32 76 6
97 37 2
90 84 1
29 71 9
89 27 10
37 22 2
64 26 5
15 58 5
65 2 5
7 25 9
85 79 7
14 31 2
75 5 10
70 39 2
35 19 6
25 73 2
43 80 1
91 96 5
9 55 4
68 27 9
34 46 7
98 24 8
21 4 2
61 78 1
9 21 9
40 50 3
2 74 5
30 64 6
98 62 2
85 60 5
81 56 10
56 13 6
62 27 8
55 70 9
69 47 3
48 27 3
60 31 9
8 83 2
17 11 5
0 27 5
96 63 5
99 3 2
51 22 4
37 27 9
5 27 8
21 61 5
33 21 2
16 30 10
41 14 10
44 55 5
2 90 4
23 7 4
77 24 5
55 77 1
74 89 3
13 94 7
37 61 3
0 60 8
17 61 1
11 83 1
80 10 8
35 92 1
2 60 2
58 29 5
4 77 7
58 62 8
82 51 4
88 10 1
23 81 3
88 78 7
83 82 9
21 35 4
5 56 2
30 32 10
80 40 2
59 63 9
81 19 3
76 24 1
31 93 2
17 79 9
41 51 4
71 76 3
39 67 8
9 35 7
76 4 9
50 99 2
36 29 7
89 9 1
97 98 3
40 60 3
60 99 10
99 72 6
64 17 7
82 35 10
35 55 10
69 7 10
40 85 1
63 27 1
33 60 1
93 99 9
81 62 8
96 98 6
48 87 5
31 24 2
7 37 4
20 16 8
76 18 8
39 46 1
82 21 2
91 97 5
29 41 5
32 78 1
81 10 1
2 10 3
33 64 1
86 27 1
10 64 9
82 78 3
19 55 1
78 17 4
62 13 5
77 3 3
53 11 10
98 69 4
62 75 5
53 32 9
45 50 6
12 81 9
94 47 2
68 20 5
93 70 6
72 62 10
14 34 9
76 8 10
76 58 10
54 35 1
61 32 2
6 50 7
51 28 5
14 32 6
79 65 3
17 32 10
88 9 1
56 71 7
45 63 7
49 57 2
60 67 3
1 78 6
95 50 6
18 13 2
23 16 9
19 28 2
67 67 8
24 4 9
54 30 1
41 94 5
24 70 2
40 63 1
43 53 7
30 76 8
21 54 7
60 74 10
95 64 3
39 35 3
35 59 6
76 15 3
80 2 1
44 18 5
58 57 10
70 60 7
66 3 7
57 86 9
28 77 1
64 96 9
54 33 5
15 71 6
17 13 2
87 84 2
91 75 10
95 16 2
91 2 7
29 58 9
79 31 1
10 33 7
3 77 2
85 9 5
81 83 4
4 95 7
22 0 10
45 67 1
12 85 1
88 53 10
80 44 1
51 88 7
73 22 6
79 30 8
78 66 4
26 91 6
65 76 7
59 43 5
15 42 10
39 68 3
71 19 4
93 68 9
10 69 3
20 65 2
89 34 4
24 57 10
94 89 7
75 53 7
22 79 8
10 75 3
52 60 10
21 72 7
52 65 1
45 14 10
64 86 4
69 30 4
56 6 6
75 69 4
96 92 8
39 23 2
81 23 6
61 12 10
45 91 2
50 32 9
46 42 5
1 50 1
78 36 6
95 67 2
64 67 4
90 40 6
89 58 7
91 36 1
51 87 5
88 96 6
64 29 1
48 91 7
83 56 7
86 36 5
5 72 7
28 63 4
54 14 2
26 0 1
2 52 1
23 0 2
61 64 9
51 61 10
47 75 8
89 0 3
77 16 10
15 72 5
62 71 4
78 93 9
97 34 2
93 78 8
71 1 4
59 49 5
74 77 4
50 42 8
4 33 2
28 28 9
75 99 1
7 75 5
75 12 8
37 24 7
71 11 8
84 96 2
39 61 3
77 93 1
71 34 6
59 52 2
53 98 7
13 6 10
78 61 2
65 25 4
15 52 3
15 80 2
54 10 5
74 91 7
68 16 4
74 24 1
48 63 2
61 40 1
23 3 10
68 94 7
23 47 4
31 28 4
19 63 4
41 3 9
86 81 8
65 39 6
69 44 10
50 39 8
32 3 2
58 60 4
88 71 5
43 39 1
91 89 1
18 30 3
91 16 7
5 90 10
27 14 7
49 52 5
66 48 8
34 28 9
39 3 2
40 36 7
27 43 9
58 75 6
56 49 6
81 48 3
7 48 5
9 27 9
8 90 1
30 88 9
52 1 5
33 88 4
73 83 2
58 64 8
92 44 1
84 64 6
41 70 9
29 80 6
66 33 5
13 70 3
77 50 10
88 41 6
76 96 8
38 51 3
67 12 4
25 9 6
8 21 8
62 94 2
91 25 5
15 20 3
24 36 7
70 7 6
93 87 10
14 65 6
24 77 3
41 2 3
27 89 2
51 65 4
35 67 7
73 23 3
62 97 1
39 38 6
12 32 4
73 19 9
80 24 2
47 11 2
51 56 8
66 40 4
18 91 8
20 46 2
90 52 8
66 25 10
83 6 4
61 48 1
66 95 10
56 55 1
19 64 6
43 59 1
68 97 9
12 73 9
32 46 8
85 78 3
46 3 3
95 65 7
64 48 5
25 18 1
5 22 10
76 88 7
64 52 1
5 91 9
55 29 1
91 24 7
39 40 7
66 62 3
46 14 4
44 94 2
4 14 3
35 12 7
67 63 9
45 43 4
44 16 3
88 74 9
2 87 7
11 66 7
21 75 6
1 94 1
62 23 9
84 69 6
82 37 5
1 80 8
61 36 7
45 18 7
60 64 8
41 10 5
48 42 5
11 67 3
25 51 4
26 40 9
38 79 8
60 77 8
73 75 10
26 87 6
23 9 10
82 4 6
37 38 4
35 7 4
74 1 3
16 7 5
11 53 6
88 94 3
29 59 8
88 25 1
1 0 6
95 69 3
69 77 1
3 87 5
22 16 9
18 44 3
84 26 10
25 53 9
97 80 9
68 15 6
67 83 6
29 0 9
82 50 1
3 24 1
57 92 1
43 21 9
96 43 1
99 86 8
42 59 1
67 69 2
74 25 10
46 57 5
82 47 4
76 66 8
54 3 8
2 22 8
48 57 4
65 52 1
4 30 6
67 34 1
82 43 1
36 82 1
6 25 7
92 4 1
37 52 1
41 71 2
23 68 3
78 82 1
93 85 6
31 87 8
54 37 7
80 99 2
33 56 5
84 74 4
46 6 6
93 54 4
50 61 8
98 43 2
28 34 10
45 32 1
12 17 10
60 32 5
8 63 10
67 86 10
39 60 6
94 34 9
94 74 2
11 73 7
23 51 9
85 6 7
14 0 6
94 43 5
30 86 1
78 42 4
7 29 9
31 83 5
3 97 7
99 23 2
82 55 5
96 0 5
68 50 1
28 11 5
27 66 6
9 77 8
46 68 7
19 4 4
5 43 7
28 78 10
22 92 6
31 32 5
10 40 9
9 28 8
98 23 4
51 71 6
12 66 9
7 5 4
29 72 6
76 56 2
26 42 2
20 49 3
36 6 7
32 23 1
11 85 1
98 84 1
80 80 7
0 17 7
52 85 7
43 96 7
16 33 5
91 66 7
37 76 9
31 8 7
7 32 1
99 91 1
67 53 7
76 10 10
66 24 1
31 86 9
86 76 3
84 3 1
21 6 8
11 84 9
95 53 7
65 78 3
72 66 8
79 32 7
2 59 10
74 34 3
60 24 9
90 90 8
1 15 3
96 60 3
10 37 8
64 21 1
63 19 6
92 17 6
90 19 1
12 9 5
81 31 1
29 22 7
42 46 7
58 76 7
18 14 3
55 96 3
9 93 2
71 75 4
88 11 7
27 52 6
20 56 8
72 46 8
85 12 5
18 88 6
63 90 5
39 33 2
75 14 10
93 9 4
6 99 4
19 89 7
39 90 3
99 25 8
67 97 10
94 44 5
45 61 5
9 91 5
26 6 2
52 11 3
83 79 7
19 68 1
11 48 1
18 47 10
60 45 5
11 11 6
2 31 8
85 96 2
78 33 10
1 44 1
5 28 6
13 52 9
40 56 1
17 77 9
35 6 3
43 86 3
57 16 9
17 83 10
39 78 6
13 99 3
39 82 4
76 50 4
33 66 9
91 57 4
53 41 3
0 33 6
11 88 3
96 99 9
69 28 5
19 44 9
51 40 8
30 12 3
44 20 4
85 14 8
42 61 10
54 84 3
31 10 3
16 16 1
90 35 9
0 87 7
76 12 7
81 57 1
95 97 8
99 34 10
49 20 5
91 43 9
86 68 9
35 49 6
48 7 4
69 59 8
17 74 6
80 54 6
89 48 1
11 89 2
17 24 10
67 89 9
32 21 5
7 82 6
77 67 4
92 58 6
33 30 2
80 16 1
84 6 10
54 8 8
74 84 4
10 16 8
13 66 4
70 2 1
79 28 1
32 91 4
22 38 5
77 55 3
53 73 3
59 50 1
37 97 9
55 75 10
25 56 1
19 74 6
41 5 2
99 56 9
8 56 6
65 47 7
45 81 10
74 83 3
95 78 9
21 55 1
38 16 8
30 6 1
52 21 6
10 24 7
14 33 6
41 18 5
33 69 4
9 80 6
42 88 6
77 34 4
2 83 5
35 56 9
89 2 4
57 53 4
2 69 4
87 13 10
40 42 1
32 54 7
90 28 6
74 20 10
7 30 6
88 62 5
11 65 5
23 78 5
82 46 3
42 52 10
16 54 4
44 15 6
21 3 6
2 12 4
97 81 5
22 61 9
37 13 8
57 96 4
86 91 6
88 51 10
1 64 4
93 42 8
34 38 9
83 52 1
71 68 1
16 88 9
64 94 10
72 8 5
94 8 6
60 35 9
66 32 9
75 51 9
41 63 4
80 15 4
46 73 9
80 33 9
79 27 2
64 36 8
1 33 3
74 95 9
82 80 5
4 86 3
56 90 1
75 68 6
88 12 10
23 40 4
88 77 8
90 77 5
71 56 8
30 93 3
21 41 4
67 85 9
22 87 6
67 10 5
43 77 8
9 34 7
38 82 8
74 10 5
2 97 8
25 47 6
13 5 9
58 23 7
82 61 4
54 9 8
37 92 10
6 63 1
7 57 1
26 92 4
34 40 9
57 36 5
99 8 10
18 87 1
20 18 4
94 85 6
30 24 7
72 61 6
10 19 6
97 26 8
92 33 9
93 84 2
75 35 5
1 59 3
38 13 4
23 57 8
90 46 5
97 39 1
55 9 4
9 13 3
63 92 6
99 6 2
76 6 7
61 3 10
70 79 1
61 50 3
95 13 5
13 59 7
55 68 1
2 93 8
77 36 3
21 79 8
23 50 4
66 54 5
68 65 8
31 21 10
22 8 2
7 47 3
16 52 7
55 85 3
27 48 10
12 62 5
46 37 9
26 59 5
38 78 1
40 14 9
8 25 8
86 18 7
76 69 1
33 76 4
96 23 6
5 75 6
48 62 8
92 62 9
90 24 8
46 31 4
41 77 5
89 18 5
7 18 8
49 45 10
59 97 9
8 61 10
93 80 9
25 25 10
34 4 7
95 76 6
29 69 4
14 96 8
83 68 5
13 16 4
85 95 1
51 57 5
60 21 5
21 24 4
15 66 8
46 18 8
76 45 7
82 45 2
94 98 6
79 83 8
30 23 5
81 81 7
29 68 2
96 47 8
66 67 3
61 89 8
75 30 7
87 24 4
95 37 8
3 25 6
50 62 6
40 34 6
62 57 6
58 5 5
60 5 4
71 81 3
7 58 2
33 20 4
64 27 6
15 49 3
54 6 8
99 11 6
99 33 8
7 85 10
54 45 8
28 55 9
88 30 6
11 24 6
79 5 5
68 17 2
53 16 1
86 82 2
36 9 2
52 13 3
79 94 4
29 55 8
98 15 4
26 64 8
35 72 2
93 86 9
35 10 4
15 95 3
0 88 6
63 72 3
83 17 8
22 2 3
38 86 4
1 81 7
58 47 5
68 6 3
88 93 3
90 94 5
88 42 6
89 4 9
44 17 3
87 6 9
41 45 4
58 95 10
39 39 5
69 43 7
45 47 10
29 15 7
6 41 2
56 92 10
68 18 1
26 96 2
71 20 6
74 35 4
8 11 9
71 2 6
41 23 10
6 33 2
0 70 6
6 40 8
79 64 4
63 81 7
50 93 7
24 80 10
87 10 3
95 85 8
85 81 9
29 3 3
13 10 4
78 7 5
17 82 10
7 59 5
48 49 4
71 63 5
95 36 5
27 80 3
86 69 7
65 31 6
24 93 10
23 77 5
79 24 1
42 63 6
46 92 3
87 17 4
33 80 10
67 43 1
30 8 7
10 99 10
88 98 10
0 15 6
66 10 4
28 87 9
90 72 3
95 4 7
91 6 6
51 9 7
14 27 3
47 79 7
66 14 9
3 32 8
50 16 5
16 64 7
8 66 2
15 47 10
50 84 1
17 90 5
14 6 1
73 28 2
98 27 4
28 44 3
39 92 10
54 96 3
20 94 1
29 30 2
94 58 2
86 1 2
26 45 10
70 8 5
65 6 6
7 9 7
36 46 9
98 97 2
26 19 2
89 37 7
51 72 10
1 7 2
66 90 10
94 12 5
41 42 4
92 86 1
61 7 10
26 57 3
97 42 10
29 20 10
12 47 9
15 3 4
76 38 4
23 24 10
65 41 6
28 53 1
3 56 10
88 64 6
30 57 8
1 3 9
87 25 6
22 9 8
33 38 3
80 5 4
49 39 5
76 52 4
83 49 6
5 20 7
32 66 7
28 46 6
21 26 6
5 15 4
73 93 3
93 22 8
59 66 7
56 24 7
3 27 8
74 96 9
88 66 5
75 13 4
30 49 7
81 69 4
47 21 1
2 36 1
4 88 3
9 65 1
95 45 3
56 26 1
53 9 9
78 50 7
69 41 3
96 56 9
52 20 7
21 53 9
22 91 4
78 98 9
67 46 1
4 73 9
38 15 6
89 76 7
34 0 4
52 48 8
23 75 2
46 71 4
12 52 5
33 52 9
46 28 4
44 90 9
75 57 8
66 83 7
69 74 9
99 96 5
9 94 3
70 16 9
89 46 7
99 40 6
80 84 10
81 93 7
22 70 9
27 22 7
25 10 3
98 50 3
93 81 5
89 42 8
15 19 7
20 40 1
95 73 7
72 65 1
37 84 8
14 52 1
4 85 5
36 72 1
89 56 10
26 76 8
56 8 4
56 42 8
80 63 8
45 28 9
96 95 5
10 47 3
72 38 6
49 93 10
45 25 4
19 98 9
56 34 4
34 45 5
86 29 8
31 82 1
17 48 4
22 24 6
89 15 2
95 34 2
21 86 7
13 74 2
88 35 6
18 48 7
29 6 4
28 98 7
65 32 4
13 35 1
2 81 7
17 96 5
51 66 6
18 50 4
86 88 7
29 87 9
76 53 2
10 68 1
74 85 6
91 40 10
87 90 5
94 3 9
13 49 4
6 13 5
36 95 6
94 16 1
27 47 8
44 32 7
87 86 6
79 88 3
56 14 7
74 12 8
0 8 4
26 1 8
99 66 2
73 46 1
5 4 7
84 47 8
19 40 9
1 82 5
89 71 2
75 39 9
12 46 3
99 92 4
90 98 7
2 18 7
46 81 10
70 35 2
70 50 10
48 96 4
45 23 9
23 93 5
19 50 7
78 5 5
60 41 4
37 56 8
38 1 7
13 71 1
47 72 2
97 71 9
75 47 6
9 96 2
73 76 9
18 18 1
94 97 4
81 64 5
35 60 8
73 69 1
31 77 1
25 67 7
24 16 8
28 7 2
25 2 5
80 78 2
27 44 1
31 26 6
92 24 4
58 73 10
63 66 1
75 94 5
17 66 6
85 67 1
74 60 8
28 61 4
82 67 2
14 15 8
85 25 8
20 73 7
18 36 4
69 16 8
42 18 4
59 95 8
98 61 8
2 25 7
62 37 6
4 8 10
9 59 2
97 49 5
69 12 2
23 97 2
78 70 7
9 25 10
39 94 5
61 27 1
42 0 10
17 51 7
89 63 2
89 10 8
17 57 10
14 73 8
1 16 8
55 95 9
71 73 2
88 3 9
25 98 8
18 31 2
16 77 5
27 17 3
74 78 3
16 83 6
95 20 8
42 22 4
50 37 7
70 91 8
63 59 5
30 43 7
22 60 7
72 41 4
21 11 6
58 2 4
22 21 4
11 69 1
36 60 2
41 87 2
10 92 1
56 91 1
68 70 2
57 40 6
7 56 1
92 74 7
87 51 5
89 73 9
23 73 5
67 55 1
44 33 4
79 72 10
16 5 9
59 72 7
46 72 1
73 12 1
92 29 4
10 26 3
7 84 9
85 61 10
24 66 7
63 23 6
88 6 9
20 23 7
63 76 3
91 51 5
11 33 5
95 27 9
72 42 2
72 12 5
96 68 1
51 5 10
19 26 5
12 98 10
83 72 10
59 21 3
4 13 4
63 21 1
53 18 9
37 3 5
88 24 1
39 96 1
56 82 6
16 94 8
24 84 6
49 98 3
77 60 10
62 50 3
26 39 9
71 47 1
74 4 4
43 60 7
20 15 2
93 50 3
69 95 8
97 6 8
36 65 9
10 97 1
63 43 9
42 19 6
20 41 3
98 57 4
16 95 9
19 97 3
94 7 1
35 20 4
73 31 9
42 82 7
45 74 1
47 8 2
6 2 10
94 83 7
24 23 5
11 62 9
95 74 3
28 96 2
94 2 5
83 15 9
83 26 9
25 48 1
36 39 4
6 95 6
15 55 2
64 45 3
0 25 5
18 19 8
80 55 7
60 36 5
95 15 2
97 72 5
4 76 9
4 1 5
26 18 7
87 47 6
15 4 9
73 88 8
66 72 6
27 98 4
39 80 4
12 6 2
84 21 6
81 42 2
23 38 5
50 8 3
59 6 3
92 95 8
1 62 5
87 34 3
84 72 4
53 31 8
73 85 8
0 95 9
20 4 4
7 81 1
88 28 2
9 87 1
24 2 10
32 86 2
11 5 2
14 35 4
93 72 5
59 58 5
80 47 5
7 88 10
88 99 8
43 35 5
68 69 5
69 54 5
36 77 4
83 1 9
10 0 6
94 41 8
86 52 8
82 83 7
15 28 7
34 77 3
95 59 8
54 18 10
79 74 2
72 48 3
5 63 9
7 13 3
24 50 6
54 53 5
89 29 10
33 68 6
72 54 6
20 93 8
58 12 2
91 14 8
53 53 9
70 68 7
1 73 2
62 22 2
54 46 6
27 68 9
96 15 2
52 72 7
4 10 3
65 40 1
31 12 6
93 18 2
77 1 6
83 36 6
47 47 10
68 1 4
66 42 5
36 11 10
57 38 9
25 68 7
34 58 2
0 24 8
19 10 2
22 31 2
65 66 6
5 66 5
42 86 8
95 12 10
76 59 9
53 51 7
9 17 5
75 17 5
98 44 7
40 30 10
93 23 3
26 2 10
13 75 2
60 95 8
90 88 5
59 14 9
8 85 10
98 72 9
16 13 3
9 56 4
57 23 3
89 88 6
78 16 7
61 87 2
18 5 3
77 44 4
75 23 8
42 15 6
76 43 5
89 13 5
4 48 4
50 48 8
95 46 2
96 69 1
97 82 4
58 89 4
34 39 7
31 7 2
93 0 1
33 51 8
81 58 1
66 8 2
19 76 6
4 50 1
47 5 6
57 75 9
68 66 2
1 97 10
76 76 9
63 51 5
19 5 10
34 84 3
59 98 6
82 39 3
96 13 3
36 78 6
35 62 4
93 60 8
58 82 4
26 55 8
71 43 8
53 5 10
13 47 5
10 66 3
14 29 9
67 56 4
46 25 2
37 2 8
38 63 8
58 24 8
40 3 8
3 64 9
91 3 9
14 36 2
66 52 7
8 43 5
60 51 8
83 48 8
82 49 1
97 47 2
66 55 1
24 44 1
37 6 7
81 82 3
59 71 7
98 14 7
11 72 6
74 40 3
94 24 5
48 80 7
0 94 7
24 42 10
98 0 10
59 57 2
78 20 4
62 24 1
31 33 9
56 54 10
89 70 10
12 19 10
87 44 1
62 96 4
15 12 6
78 14 1
34 18 1
57 1 10
43 33 4
63 14 5
41 30 4
80 51 8
90 14 9
18 59 4
16 48 9
57 56 8
72 85 8
20 85 2
77 8 9
35 80 6
28 37 3
16 23 4
51 73 7
83 29 9
32 82 10
49 58 10
30 37 8
98 20 8
11 78 7
55 74 1
56 1 6
61 57 4
86 79 1
45 60 8
75 43 2
79 2 6
86 44 9
64 85 9
77 78 8
25 86 2
2 50 10
48 76 5
46 43 1
0 64 10
46 51 4
86 72 5
52 93 9
54 66 5
62 25 10
95 55 3
12 53 4
82 12 5
28 67 8
98 92 6
14 16 10
33 3 8
58 72 2
83 40 4
98 77 7
1 72 1
5 48 10
33 67 10
66 80 4
99 88 10
93 55 2
45 89 1
66 69 10
47 29 6
36 85 5
45 37 2
63 71 8
20 33 1
64 54 10
65 8 10
84 37 6
33 61 2
8 50 9
94 54 9
87 57 9
93 73 5
54 40 5
54 13 9
69 92 7
93 53 10
65 71 5
12 72 3
67 84 10
42 12 3
62 8 6
92 32 6
89 21 2
27 21 10
61 75 1
42 21 8
73 95 1
24 64 7
6 93 9
31 94 7
3 47 3
30 14 6
14 85 3
79 35 7
35 77 5
66 44 8
43 52 7
34 55 1
47 84 8
58 85 9
42 56 9
86 33 1
47 69 6
4 44 5
32 15 1
5 61 6
41 76 8
58 50 7
96 79 4
18 55 5
73 52 6
34 81 4
76 39 7
3 34 3
11 81 8
47 94 2
85 30 4
30 83 1
19 99 3
90 54 1
67 72 4
54 58 6
79 69 2
0 67 6
26 50 5
76 20 1
50 21 7
37 18 10
58 0 5
16 84 5
46 27 5
47 92 4
65 34 2
79 97 7
27 73 8
32 28 10
91 38 1
70 77 3
13 22 4
57 3 9
86 67 7
81 20 3
51 20 6
76 86 4
48 18 6
88 69 5
63 55 2
86 87 2
47 54 4
1 25 10
99 14 9
97 22 7
23 64 2
33 22 1
94 81 9
51 47 2
34 47 8
70 53 9
75 6 6
43 85 3
30 15 5
10 11 2
93 36 2
24 41 8
5 39 1
97 10 4
79 57 6
17 38 1
31 0 8
17 12 10
73 35 6
40 41 5
4 84 7
46 34 5
14 59 4
57 28 10
55 58 8
82 18 1
50 23 5
35 78 8
10 3 7
65 51 8
61 99 7
37 68 1
62 74 7
72 49 10
72 79 2
58 4 3
37 78 4
91 80 4
68 29 2
86 97 10
96 76 3
7 91 1
50 91 10
84 98 6
88 86 2
54 98 9
13 4 3
84 15 6
42 33 2
87 3 6
36 61 9
33 41 10
35 13 9
79 54 10
62 18 7
79 8 5
16 9 3
66 23 1
77 10 10
23 71 9
32 13 8
57 72 4
62 42 8
78 95 7
16 32 9
24 21 4
38 43 2
31 43 6
53 88 10
55 15 9
53 71 1
17 72 3
71 91 10
18 20 5
84 55 4
33 50 6
34 99 4
29 66 3
3 8 8
15 40 10
83 83 5
10 20 1
51 45 3
63 28 8
15 32 1
2 78 10
8 39 5
5 79 6
23 82 2
92 55 4
8 38 2
7 27 5
23 28 9
16 18 3
41 83 3
60 66 4
8 49 4
72 74 8
41 20 2
19 79 9
41 36 10
64 90 3
96 84 7
15 41 8
56 27 3
37 28 1
32 67 2
23 85 9
19 47 2
71 33 7
35 4 3
72 55 2
46 64 3
29 76 9
60 8 3
0 45 1
96 81 2
67 71 7
91 63 9
41 1 7
72 31 10
24 88 4
67 31 10
8 52 10
99 37 4
32 56 1
64 39 5
80 91 2
10 30 3
30 41 7
82 8 4
10 61 10
6 32 7
48 6 4
76 33 10
0 48 1
21 91 8
74 38 8
11 3 5
9 92 5
36 48 3
41 47 10
30 91 8
81 78 3
78 2 7
28 66 4
26 12 3
57 15 7
99 30 1
19 35 2
67 41 1
67 35 5
52 57 10
21 39 8
77 69 9
90 36 7
22 25 6
98 89 9
9 88 10
59 1 5
62 21 4
79 34 4
12 49 1
64 99 8
25 96 7
5 41 8
62 55 9
78 12 2
2 65 3
17 84 5
82 54 5
27 19 1
13 20 6
48 79 10
94 18 2
90 5 5
30 19 5
62 91 5
42 76 2
30 70 3
87 72 7
85 86 6
65 89 10
84 75 6
71 69 8
29 98 10
8 73 4
56 94 4
70 64 3
65 5 6
80 18 6
56 93 3
95 57 3
39 36 2
51 89 4
35 79 5
37 41 6
97 1 5
52 86 8
81 77 1
38 91 2
65 50 5
44 76 6
22 84 4
11 16 8
87 94 9
88 88 8
70 86 9
61 73 1
89 14 6
60 94 2
38 11 8
68 39 7
38 41 8
80 81 2
4 42 5
24 12 10
36 36 7
6 46 1
35 89 10
74 92 8
17 94 2
36 58 6
3 46 8
35 2 5
17 16 4
69 2 2
91 11 10
86 6 6
38 7 2
90 51 5
45 41 1
22 5 3
80 46 7
46 35 9
54 57 5
29 16 4
37 73 2
69 36 7
81 50 5
57 55 8
41 29 7
25 28 5
21 48 7
64 7 1
43 56 3
18 64 9
65 93 2
53 27 3
57 39 4
46 16 6
37 99 4
97 0 1
27 61 10
68 28 4
39 70 6
40 75 4
18 22 1
87 74 4
73 2 3
3 13 9
31 65 4
13 88 2
36 99 3
10 51 2
61 30 3
8 9 9
6 90 9
23 21 1
0 84 5
93 93 8
62 47 9
20 64 9
61 31 4
47 88 5
17 65 8
42 85 3
67 68 9
99 68 7
55 32 8
3 65 7
83 30 4
54 28 4
3 17 3
23 11 8
77 42 6
97 35 5
18 25 9
61 39 10
25 29 3
29 54 8
25 1 8
92 82 3
83 23 8
97 64 4
4 51 10
73 54 9
71 42 4
39 29 6
53 25 6
85 72 9
38 2 2
20 61 7
58 79 10
31 48 3
40 94 10
63 10 2
28 93 8
68 96 9
14 12 5
68 8 9
70 76 6
56 99 2
0 90 6
6 64 6
3 81 6
25 59 7
51 54 2
42 28 8
7 49 3
45 31 9
48 4 2
20 77 2
27 60 8
90 30 7
72 57 4
6 24 9
91 10 5
7 87 10
38 85 3
3 21 6
7 94 7
87 60 1
20 90 1
64 4 3
70 80 7
21 49 5
6 76 10
17 34 7
92 22 1
37 98 5
81 27 3
60 98 9
82 66 5
46 56 1
60 73 2
1 41 10
97 41 5
83 85 10
3 0 8
90 38 3
85 20 5
22 97 7
74 97 8
11 80 4
0 37 4
79 58 3
17 62 5
12 27 3
79 18 1
28 9 9
15 89 7
63 35 3
5 5 2
25 34 3
68 31 9
51 13 9
46 22 9
55 76 7
45 62 7
23 63 6
6 68 4
3 50 4
15 62 6
11 50 4
89 84 4
68 83 9
40 47 3
44 73 2
74 27 2
49 5 10
17 23 6
33 85 2
70 51 2
21 65 2
78 28 3
41 41 8
82 63 9
42 99 5
66 37 1
51 77 7
83 65 1
91 73 5
91 47 9
83 88 5
6 75 2
77 17 6
37 94 9
47 38 8
51 91 1
73 33 9
15 33 7
1 75 10
20 78 1
73 57 8
44 7 10
33 93 4
41 54 2
79 41 7
39 98 8
41 99 3
96 18 10
46 86 9
86 35 1
51 17 4
7 19 3
3 85 5
52 99 4
46 19 9
78 92 4
41 6 3
6 67 4
41 34 2
73 44 1
25 57 8
76 51 9
97 53 9
98 87 3
67 98 4
85 37 9
34 14 9
61 11 6
19 61 8
30 62 5
47 78 1
72 60 9
54 62 3
68 89 7
27 96 9
66 45 2
92 67 3
20 39 9
75 37 2
24 22 5
66 86 4
78 38 8
84 40 6
36 63 1
64 57 5
47 61 5
20 52 6
7 50 1
13 67 3
22 64 10
98 96 9
67 18 2
29 7 10
27 75 6
76 30 7
39 22 2
33 82 5
72 71 9
48 85 10
28 58 5
66 6 5
80 89 10
94 61 9
35 27 6
59 48 7
6 23 1
73 25 1
87 2 8
45 53 9
61 35 3
53 89 2
67 36 3
3 55 3
28 35 8
57 26 7
76 2 9
5 71 3
73 67 6
55 23 1
88 89 9
11 12 5
99 47 9
6 16 3
0 1 10
70 28 9
27 64 10
98 81 4
24 91 2
0 82 5
85 3 6
52 70 5
17 30 5
43 90 10
2 79 7
75 88 6
82 9 9
9 33 1
96 77 3
51 49 1
39 85 10
42 90 1
3 95 6
17 70 4
91 92 7
93 44 4
78 3 4
5 12 1
0 99 8
24 14 3
23 8 1
97 44 4
62 48 1
73 5 4
56 70 10
9 31 3
59 60 4
47 6 6
55 14 10
47 49 7
83 8 6
41 95 2
72 44 9
9 48 7
38 17 10
13 11 8
99 17 9
77 21 9
47 46 3
99 83 8
8 55 3
91 28 5
65 1 3
36 16 3
47 17 1
97 7 10
81 7 8
56 61 5
43 8 8
57 54 7
98 47 3
12 76 6
12 30 6
89 23 10
62 3 8
77 86 4
39 93 2
88 2 8
71 14 6
55 91 4
41 68 3
65 42 4
38 19 10
78 59 7
33 18 2
14 92 9
83 91 3
63 31 1
22 35 8
50 57 6
43 44 2
35 48 5
20 79 4
49 91 5
40 64 6
35 21 10
44 62 9
77 49 6
40 1 3
64 51 8
88 60 8
10 35 4
28 80 2
4 40 6
76 11 9
8 16 9
33 29 4
75 38 3
23 25 8
99 87 3
86 24 2
30 3 10
54 12 9
10 89 6
24 17 6
79 11 2
82 59 4
62 77 9
31 60 3
29 96 5
32 63 6
51 18 3
18 79 5
3 73 3
15 84 4
84 39 3
49 86 2
30 39 4
70 6 3
16 35 4
86 53 9
92 40 4
20 89 7
66 35 7
60 80 2
88 36 4
47 12 8
82 7 8
86 23 4
47 43 8
12 22 1
64 81 9
19 75 9
71 0 4
49 42 10
27 72 10
13 80 7
77 33 2
68 43 9
51 12 2
59 82 3
0 11 6
70 33 1
61 43 2
58 31 4
78 15 1
83 54 1
8 51 5
3 71 6
83 18 1
98 41 8
98 94 4
22 93 1
18 94 7
82 25 4
67 13 10
14 89 9
71 85 5
22 58 8
18 75 2
86 13 6
4 16 7
57 80 4
14 7 6
63 12 8
26 31 5
34 15 4
91 93 1
17 21 1
67 16 2
3 78 3
42 84 10
2 47 10
33 15 5
89 8 1
89 95 8
80 56 5
29 77 9
19 73 7
99 62 5
9 98 1
54 82 2
21 94 2
33 59 10
78 96 5
5 38 1
37 19 9
8 67 4
13 87 3
55 80 3
25 77 8
1 69 3
84 23 5
68 84 7
34 78 2
70 63 1
33 14 5
35 29 1
37 21 7
7 26 5
32 83 2
88 19 2
44 51 5
41 58 1
92 97 8
4 6 7
20 5 1
33 53 10
87 88 10
76 92 10
76 47 7
50 68 1
94 52 8
65 77 8
80 82 2
48 84 8
57 99 8
45 78 1
20 62 2
8 30 4
22 48 5
85 69 2
44 40 8
34 50 2
38 50 10
19 14 5
64 47 10
24 32 7
97 88 5
98 90 6
9 39 5
57 47 10
92 49 7
59 36 9
87 0 3
65 27 10
47 62 4
15 82 2
72 81 5
97 77 5
88 39 5
94 19 10
37 89 10
47 41 3
82 2 8
97 24 8
81 16 2
14 93 6
30 71 6
77 73 4
1 98 1
86 80 3
92 38 5
16 96 6
53 26 5
83 31 6
27 46 4
45 57 1
0 3 4
79 98 9
89 77 3
29 1 9
20 8 8
61 10 7
60 42 3
77 43 4
8 48 9
19 2 10
84 8 5
1 27 6
19 78 8
45 10 8
66 51 4
28 73 7
21 70 5
45 51 9
20 35 6
7 80 7
39 48 3
70 26 5
31 50 6
95 72 9
57 61 2
26 90 1
92 71 10
55 0 3
59 96 6
55 79 6
36 73 9
92 60 5
82 99 8
89 82 3
93 13 2
75 18 9
35 24 5
21 77 9
2 8 5
33 65 10
25 65 5
92 96 1
3 63 8
20 70 4
40 23 7
6 35 3
12 11 8
28 39 8
54 24 4
21 89 1
21 8 3
9 72 9
19 27 10
96 70 6
53 14 9
86 9 4
66 49 3
55 56 4
64 92 3
76 84 8
89 16 3
74 59 10
44 84 2
92 65 5
90 57 3
37 29 4
85 97 3
24 97 7
37 96 5
59 23 2
25 8 2
38 90 2
81 32 5
53 4 2
24 69 5
26 51 7
32 85 9
98 60 3
14 38 2
40 61 1
58 83 9
73 7 8
46 24 8
70 74 9
74 76 7
66 74 10
11 4 6
4 65 3
6 12 6
85 10 5
10 48 5
81 34 6
14 95 5
97 74 9
24 96 7
43 63 8
43 46 9
91 61 9
76 93 10
48 22 10
12 15 10
75 61 10
26 63 3
34 75 5
89 53 7
75 33 6
68 35 4
20 17 4
71 24 10
46 85 10
97 30 2
60 93 7
18 23 1
13 25 6
92 37 9
54 27 1
56 2 10
93 39 10
50 65 5
78 72 8
23 30 3
95 14 2
18 78 3
29 97 8
78 94 4
26 9 2
34 29 3
66 31 4
58 98 7
32 48 7
80 60 9
75 83 9
82 14 9
90 25 1
99 70 5
96 93 3
80 30 3
26 27 3
57 98 10
28 10 4
52 42 2
54 42 1
20 28 10
66 50 10
68 12 2
23 61 10
49 10 4
83 78 8
38 57 1
57 73 6
28 82 5
9 51 5
26 49 5
56 84 10
25 20 9
63 64 1
45 46 8
30 78 6
90 13 3
67 51 7
97 97 2
89 26 8
70 97 2
49 49 2
99 16 2
39 59 5
12 2 7
98 68 9
24 67 4
13 60 4
29 88 8
40 0 3
55 48 10
29 10 1
67 64 6
62 80 2
73 87 8
11 36 1
21 15 4
17 56 9
10 67 4
28 12 2
89 67 8
84 50 7
21 82 9
65 54 8
21 83 3
4 98 10
65 53 3
7 60 2
38 56 5
88 57 1
17 4 7
32 75 9
92 54 8
95 52 6
88 20 4
65 73 8
14 2 6
84 91 8
96 49 6
38 72 9
44 50 8
6 81 6
63 48 2
31 16 3
12 44 8
66 43 7
53 68 8
89 80 4
35 41 1
23 67 9
91 54 8
79 49 10
43 13 3
15 69 1
78 89 8
19 16 8
6 1 7
56 88 10
74 21 10
13 65 10
13 38 3
13 2 8
67 76 2
0 75 3
5 24 6
98 80 10
74 71 2
38 38 4
75 26 2
46 2 8
75 87 1
64 43 3
49 88 1
87 50 8
72 96 5
56 17 2
4 21 2
76 28 7
92 87 5
59 4 5
29 81 7
0 97 4
88 58 10
29 57 5
6 69 6
26 84 10
56 56 9
36 13 4
25 85 3
0 31 1
6 43 6
35 90 2
78 26 9
83 19 7
48 97 2
70 22 3
29 43 5
42 38 2
77 20 4
29 18 6
79 9 9
71 95 10
46 78 6
68 49 6
77 47 8
32 94 4
29 27 1
97 89 3
81 5 5
30 69 9
61 25 3
30 2 4
44 2 8
30 94 3
14 47 5
6 58 4
35 18 9
41 92 3
90 86 9
32 80 2
65 62 7
33 87 7
59 86 3
11 63 5
62 2 7
70 43 4
55 31 3
7 89 10
44 72 8
64 79 9
23 98 7
5 3 6
22 53 8
15 27 4
13 44 1
82 15 4
40 15 6
72 76 6
26 29 9
8 24 1
58 88 4
6 94 9
22 54 5
25 0 9
6 15 9
66 18 5
22 86 4
62 89 7
94 62 9
12 14 5
39 43 1
83 86 10
47 85 9
55 61 3
68 34 9
11 60 1
4 78 9
31 63 1
49 66 9
86 56 1
32 40 9
60 88 6
89 43 9
28 54 1
2 63 10
32 59 3
83 60 5
99 21 1
15 22 2
8 62 5
68 23 2
71 79 8
40 40 1
98 34 2
80 66 4
58 37 2
69 18 1
78 84 6
38 5 9
8 36 9
0 32 7
20 88 6
70 67 8
75 54 3
83 55 10
8 59 7
1 37 5
82 52 9
92 28 2
27 95 1
66 41 5
59 41 3
3 61 9
86 59 1
62 85 5
37 1 3
71 9 7
94 78 5
19 1 7
84 53 8
79 12 8
27 11 3
29 53 3
55 52 8
80 9 4
24 37 6
6 54 8
62 92 8
15 38 4
14 21 5
13 39 6
46 39 1
49 34 7
3 69 5
29 84 5
76 14 8
19 12 4
71 28 9
47 96 3
7 77 5
4 80 4
22 28 3
88 81 6
83 39 4
32 88 7
31 95 1
58 21 9
61 74 9
31 41 9
26 88 6
7 28 3
25 94 6
77 88 1
54 20 8
52 2 6
27 84 8
87 78 9
38 23 2
97 21 4
84 0 5
79 84 4
55 82 5
5 58 5
41 64 7
47 93 6
97 18 5
65 83 10
46 94 8
49 62 5
69 14 8
10 6 9
17 0 5
31 73 6
26 67 9
73 36 6
82 34 7
25 66 5
61 16 1
48 67 1
68 80 2
96 20 5
78 51 8
33 73 6
44 59 3
79 43 7
84 83 7
92 39 5
37 0 5
85 43 7
38 33 1
79 17 5
70 89 6
55 6 2
9 1 7
88 56 5
49 96 9
82 64 6
91 4 2
69 69 5
21 13 9
34 67 10
35 8 1
55 35 7
86 20 10
34 93 2
59 67 10
15 53 10
57 9 1
32 25 5
31 34 10
75 42 8
81 95 3
58 74 2
67 33 8
89 45 10
34 33 8
92 16 4
20 95 1
98 59 3
71 22 6
62 53 6
15 30 3
8 4 5
92 88 4
28 4 10
30 50 3
22 73 10
27 88 8
6 61 1
23 49 7
49 83 3
23 6 8
63 8 5
90 56 2
12 13 1
26 58 6
66 22 3
48 94 10
39 91 1
2 54 10
91 81 9
80 49 1
86 21 3
46 98 9
5 19 6
75 0 2
62 62 9
41 12 2
56 9 8
65 56 9
86 16 8
30 11 6
75 98 1
69 24 8
12 8 5
20 38 7
10 81 2
16 28 5
8 77 2
55 73 1
11 6 2
41 52 2
74 55 6
76 23 9
93 79 1
2 91 6
96 50 4
37 74 9
55 83 3
9 5 1
35 84 2
26 23 8
24 46 2
23 5 7
93 41 2
82 31 3
26 79 7
40 87 4
80 50 5
95 68 6
69 15 8
40 62 7
58 38 8
67 47 4
50 2 2
98 42 2
2 3 7
0 9 8
7 93 7
21 96 8
4 4 7
17 49 5
40 7 1
16 70 5
40 11 5
39 76 1
51 34 3
87 54 7
88 43 4
82 98 3
1 85 10
71 26 6
82 79 1
63 11 2
33 12 3
62 15 8
89 6 10
76 70 2
50 33 4
53 36 10
54 70 10
28 64 3
5 46 9
43 64 4
43 75 2
13 85 1
87 5 4
36 49 10
22 76 4
65 44 1
37 8 6
47 91 3
1 4 2
26 38 10
16 47 7
80 70 3
34 98 5
18 67 2
11 30 2
44 52 7
20 6 1
87 92 5
61 19 5
60 72 1
51 50 3
30 0 2
14 28 10
30 17 8
99 65 3
50 83 4
99 74 1
45 38 7
63 54 4
15 16 9
62 46 4
54 0 5
76 25 6
44 57 6
84 80 10
18 0 3
43 16 5
34 72 7
42 97 5
22 98 9
98 36 7
90 49 9
98 91 10
48 15 1
90 33 6
44 29 2
16 4 5
43 81 6
72 47 8
28 19 9
2 45 7
47 1 8
51 70 6
98 83 2
60 22 8
85 75 7
10 29 6
1 20 10
39 54 1
89 30 6
38 59 2
69 87 5
10 31 8
4 18 9
56 3 9
59 37 4
72 98 4
89 89 9
40 31 7
61 58 10
91 30 8
60 97 5
51 95 9
42 44 1
75 90 8
9 81 8
16 1 2
51 16 7
70 70 7
62 65 4
96 48 6
71 87 10
34 88 7
1 26 6
73 77 10
62 33 1
12 56 4
64 1 8
99 36 9
15 75 7
31 44 6
18 21 7
77 39 1
36 40 2
99 79 6
58 10 3
56 73 6
21 9 8
4 9 7
24 35 3
81 15 1
81 89 10
48 11 10
62 54 4
98 35 5
99 90 6
54 97 1
78 49 1
2 95 9
95 82 4
84 17 6
82 30 3
77 4 1
28 52 8
42 58 6
32 87 3
76 41 10
91 27 3
32 32 2
47 45 7
65 75 2
46 11 9
73 81 10
29 65 6
27 28 10
94 57 7
59 68 5
84 20 1
23 80 4
46 4 6
68 25 4
9 82 7
31 61 1
29 2 4
59 7 3
86 62 5
99 85 5
18 60 10
83 84 7
82 73 9
52 41 1
32 43 2
37 50 2
29 94 6
58 55 7
56 21 5
12 31 4
6 6 3
45 56 10
90 62 3
17 87 3
42 11 8
55 27 2
20 3 7
23 55 5
70 45 10
51 25 10
87 99 10
9 99 1
58 7 1
26 99 8
63 20 9
59 31 1
92 41 2
52 6 5
14 76 1
73 51 1
49 3 5
12 10 1
49 46 6
59 81 10
88 14 7
63 37 9
39 2 2
52 8 6
55 8 7
29 62 10
79 82 8
20 69 9
94 26 7
61 69 4
75 60 8
31 1 4
58 28 9
60 26 3
17 1 5
11 45 2
11 9 1
24 75 2
5 29 1
55 7 6
61 5 4
71 48 3
50 12 10
49 11 6
26 85 10
78 76 9
22 66 2
44 99 5
60 86 2
93 88 1
74 82 6
3 14 8
18 54 9
42 66 5
12 60 2
76 13 3
3 75 9
38 29 6
53 61 1
13 19 7
49 41 1
81 40 2
35 26 5
29 92 8
48 83 6
98 58 7
53 29 10
56 44 9
31 38 9
76 83 10
19 33 8
31 85 8
57 51 10
14 99 10
43 18 10
47 28 9
44 98 2
63 77 2
88 7 8
95 93 9
43 49 9
71 18 10
91 88 5
61 1 5
39 8 6
49 47 8
52 33 3
99 20 8
8 88 3
40 84 2
31 11 1
43 23 6
64 16 9
25 80 10
35 44 4
72 24 9
61 90 1
17 80 9
68 44 9
2 64 2
68 19 7
7 38 8
59 12 6
49 70 2
65 9 9
62 64 9
11 86 3
40 59 3
85 76 4
18 37 1
7 7 10
47 64 2
9 58 10
98 53 3
28 0 6
71 7 7
85 62 7
74 65 4
14 8 5
24 6 8
55 19 10
27 32 1
48 41 4
69 80 4
38 30 8
46 76 6
59 85 4
78 13 10
59 91 8
46 12 9
91 69 5
3 10 8
32 18 1
97 90 4
60 90 2
50 70 5
69 81 9
32 51 4
32 98 9
90 95 6
85 82 10
32 52 9
29 33 8
91 83 9
99 43 6
78 67 1
38 64 6
35 64 7
30 63 2
67 59 7
86 66 5
72 25 7
56 25 4
28 60 3
11 27 4
33 32 3
44 86 1
31 2 10
86 15 3
42 69 6
33 45 10
8 65 5
55 33 7
11 61 4
34 91 5
85 80 2
43 1 4
98 10 9
62 60 7
25 62 6
61 61 9
68 74 9
23 95 6
89 85 5
43 84 2
70 87 7
53 22 2
94 94 3
7 54 9
34 37 1
79 52 4
46 83 6
9 54 3
30 68 6
20 45 8
53 52 9
64 93 4
13 73 1
57 0 8
54 73 4
98 28 4
52 49 4
4 82 10
44 9 10
40 2 10
89 36 7
83 47 4
70 30 10
49 48 5
78 75 10
84 27 7
32 39 7
66 85 4
16 51 9
58 26 1
36 15 6
38 54 2
28 56 7
29 17 1
26 66 4
2 0 2
19 7 5
30 42 2
62 34 5
4 63 3
27 65 10
26 53 7
26 21 9
24 82 4
20 22 1
84 46 3
96 54 2
44 1 10
13 89 3
47 24 2
97 57 7
28 88 10
54 47 6
34 12 10
27 15 4
48 2 4
31 91 9
75 84 3
73 27 7
51 4 5
48 65 9
9 4 1
46 96 9
81 33 10
79 51 9
94 88 5
72 73 10
88 32 3
60 63 2
82 48 7
75 77 7
24 86 9
80 4 4
1 55 3
95 66 6
92 51 5
78 86 5
5 50 3
39 18 2
62 88 2
20 43 6
14 87 6
83 28 10
10 84 7
86 70 2
22 52 4
44 43 3
51 33 4
61 81 8
22 19 6
91 46 10
63 53 3
35 83 5
32 70 2
46 75 5
79 56 5
15 25 5
61 66 2
22 82 5
27 71 1
75 70 10
81 22 8
53 64 2
5 36 6
4 32 6
34 94 8
70 3 9
86 22 9
11 59 8
86 90 8
47 71 1
70 9 10
0 52 9
14 46 10
77 91 9
58 65 5
99 18 3
47 99 8
94 55 7
27 99 6
25 3 9
19 29 7
35 43 8
55 39 5
33 2 10
20 21 6
62 43 8
35 96 8
58 25 2
45 88 8
79 21 7
52 76 10
12 23 9
72 53 2
86 85 10
0 92 9
3 89 8
32 68 1
74 43 8
63 75 7
0 5 9
31 98 10
95 90 6
52 17 3
97 9 7
45 80 6
16 86 1
89 1 9
26 70 4
35 17 9
24 60 5
63 61 7
2 44 10
96 53 3
87 58 5
29 39 8
23 62 5
55 78 4
82 29 10
42 94 10
41 82 5
15 63 4
69 94 5
44 24 6
3 94 1
87 18 8
96 97 8
61 79 6
38 39 2
22 47 8
92 0 8
31 54 10
54 89 4
65 0 7
69 55 3
44 38 4
63 33 2
51 23 4
98 19 5
16 34 5
42 55 8
52 5 3
62 51 10
71 93 8
55 34 8
52 68 10
19 87 7
95 79 8
70 25 7
56 77 2
85 15 10
25 74 2
99 94 9
71 82 2
11 29 2
18 4 10
82 20 10
13 0 2
17 95 8
51 79 10
90 67 2
88 91 3
96 80 5
65 10 2
87 52 2
15 34 9
35 54 5
83 73 4
88 29 10
10 78 2
4 59 10
4 53 8
20 54 5
93 20 9
84 59 5
21 56 1
77 94 2
91 0 3
54 74 9
23 79 5
14 10 10
11 52 8
16 93 9
3 84 7
30 99 1
60 89 8
76 1 1
2 94 6
9 76 1
84 89 10
93 35 1
93 74 2
53 72 3
94 37 5
56 60 4
60 4 4
63 97 7
85 73 4
75 22 9
94 90 6
89 52 3
62 40 8
37 5 6
91 33 5
96 87 8
9 6 8
56 51 6
65 7 4
20 99 8
74 15 10
43 19 1
83 32 2
16 3 7
66 7 2
47 25 1
12 87 7
44 78 4
22 57 6
83 51 6
46 32 1
1 39 8
25 4 9
14 56 9
50 77 3
38 81 9
67 88 10
41 28 9
45 20 10
14 39 7
33 4 5
36 14 4
65 13 10
8 68 4
24 9 10
40 99 8
85 93 5
34 64 1
36 87 10
66 47 7
4 43 7
67 7 2
40 6 9
87 85 8
15 97 7
42 14 8
54 34 5
94 31 5
70 56 3
0 85 8
65 69 7
15 70 6
44 80 8
25 23 7
38 71 4
94 79 1
66 88 6
61 80 5
77 63 7
58 53 3
57 77 6
76 27 3
64 25 3
55 4 8
95 44 4
98 99 1
9 95 4
99 80 5
81 12 1
26 13 9
19 45 4
57 97 10
29 56 3
11 58 8
16 10 1
3 26 2
13 97 7
67 57 5
63 88 7
12 57 7
14 79 6
87 62 6
77 25 3
58 20 3
25 54 5
94 84 1
51 96 1
49 32 8
56 80 3
37 26 8
27 9 9
64 50 5
53 59 6
96 55 5
1 5 8
31 99 8
53 28 5
97 65 5
48 23 9
98 56 10
42 30 8
39 31 6
89 97 4
55 92 2
22 81 3
38 69 8
93 15 8
1 66 4
58 6 4
0 63 9
54 87 1
80 20 10
12 78 10
91 64 5
74 7 3
78 71 9
39 69 3
5 30 4
6 98 9
34 97 3
48 19 3
4 96 10
83 24 2
76 77 10
21 69 6
80 27 10
15 98 5
71 50 1
58 66 8
72 36 10
37 79 3
89 87 3
45 2 6
52 77 10
92 2 5
65 49 1
28 25 3
95 61 7
57 59 8
4 38 7
57 58 10
81 99 2
40 57 3
75 74 4
26 5 9
0 86 3
64 6 1
79 63 8
48 13 5
68 42 7
8 69 3
45 48 8
29 52 10
58 33 7
4 91 7
96 94 5
14 63 5
34 5 4
48 60 3
92 10 6
40 81 8
61 92 4
53 65 5
57 6 1
45 40 10
24 73 6
15 94 5
81 45 6
24 10 1
29 48 3
79 93 9
36 74 7
9 52 5
83 5 5
87 55 4
82 92 7
57 66 4
6 28 3
63 89 2
60 48 9
36 5 1
31 20 6
94 14 9
6 60 1
4 22 6
76 99 1
75 71 6
76 16 6
39 27 6
80 21 9
22 34 3
45 16 4
29 61 6
75 8 7
28 21 9
70 37 6
42 3 10
14 14 2
68 93 7
19 94 2
0 29 9
13 84 10
32 26 4
59 56 8
67 78 9
84 12 4
0 68 2
13 13 10
28 70 9
97 50 4
13 53 5
53 24 7
20 36 8
61 88 9
3 51 4
99 73 3
20 63 6
44 5 9
97 92 3
75 95 5
58 80 4
81 21 5
68 57 6
93 32 1
80 6 3
27 50 8
21 90 2
91 79 6
62 41 8
12 33 1
5 83 4
52 67 3
38 32 10
34 22 7
60 40 9
94 9 6
59 26 4
29 60 5
60 18 7
77 98 5
4 45 3
6 11 1
47 65 9
94 25 2
10 18 9
85 70 1
16 14 9
85 98 4
63 80 6
92 94 5
22 80 10
12 75 9
93 31 3
65 74 8
57 5 5
32 14 2
28 48 3
43 31 1
22 41 5
46 55 10
5 80 8
92 77 7
7 12 9
36 20 6
23 52 7
63 63 3
43 89 3
94 11 1
16 56 1
28 26 6
46 97 3
10 72 3
77 56 4
60 34 10
63 9 5
95 96 10
45 71 3
38 88 10
46 41 1
64 24 4
69 83 7
20 50 6
3 19 6
63 73 8
13 17 9
38 80 6
71 67 4
88 79 6
46 77 1
0 22 3
93 56 8
99 41 3
43 17 4
35 50 2
19 77 10
15 0 8
78 78 9
44 22 1
22 33 10
36 19 2
34 61 1
68 77 7
87 4 2
45 29 8
86 92 3
61 23 2
49 67 2
59 51 7
14 17 7
75 19 4
0 44 10
11 32 1
20 13 5
32 44 10
94 66 8
9 47 8
34 13 3
80 42 3
25 14 2
70 84 7
11 14 2
95 33 5
77 72 8
85 53 2
36 0 2
9 41 8
7 53 6
58 14 2
8 78 9
76 71 10
18 69 6
2 38 9
5 82 1
77 62 3
45 55 10
65 14 3
7 67 9
35 53 7
65 35 7
54 55 9
64 72 10
56 35 7
9 32 1
46 62 2
93 28 8
66 29 7
22 15 4
96 4 4
15 26 6
25 37 6
54 79 7
61 20 3
26 80 5
29 34 8
90 12 5
12 12 3
66 61 4
62 90 10
49 68 6
47 89 6
68 91 9
57 22 1
52 95 9
60 62 7
61 93 7
3 57 9
11 49 9
41 8 2
49 8 1
44 36 6
61 86 4
18 62 1
83 13 9
11 43 2
63 96 4
88 0 5
98 74 7
11 92 9
16 91 6
85 56 4
24 18 10
85 1 9
44 41 5
29 44 9
37 12 1
48 40 8
53 80 3
98 29 10
30 48 3
49 23 7
71 66 9
16 20 6
84 76 6
51 67 7
77 12 3
42 2 4
0 58 1
94 33 9
9 9 1
51 14 1
95 63 2
6 22 8
5 57 8
30 61 5
40 82 2
38 48 4
57 68 3
6 18 2
39 49 2
64 65 1
32 64 1
3 60 6
39 55 9
6 26 9
41 40 10
18 40 2
30 46 3
16 62 10
76 36 9
8 91 6
20 25 8
81 47 5
94 40 4
13 90 9
81 72 4
11 57 5
90 42 2
36 76 10
55 16 5
60 47 7
53 47 5
81 63 7
9 15 1
10 54 9
34 74 7
85 36 9
15 50 7
62 76 2
19 42 6
56 39 5
63 58 6
77 77 1
35 23 7
95 24 4
39 45 4
56 11 1
83 11 1
33 44 2
21 43 8
66 79 5
84 33 1
70 57 3
55 22 9
3 39 10
61 33 7
64 63 1
80 67 8
83 70 5
22 59 10
30 1 4
89 11 2
13 1 6
60 57 10
78 57 9
42 25 10
17 29 2
39 77 4
57 76 3
14 26 4
79 33 3
23 34 4
24 58 9
89 61 6
68 68 8
99 98 5
99 77 1
52 31 6
8 81 9
9 57 7
4 68 4
47 4 2
30 16 2
62 78 9
87 67 7
8 34 1
81 51 6
51 31 1
40 52 6
69 48 10
25 44 5
2 53 7
63 15 2
72 68 10
67 92 1
26 14 9
86 40 10
81 68 10
7 8 5
58 11 9
23 37 3
11 94 5
45 17 4
52 78 3
46 23 2
75 49 2
87 91 5
66 84 7
38 34 2
17 10 6
83 34 3
49 79 10
40 37 5
27 8 10
65 33 7
56 28 2
84 63 6
57 11 7
48 95 7
47 36 7
44 45 1
45 58 10
82 16 10
65 99 2
4 83 2
87 15 7
84 73 4
78 83 4
48 50 8
9 46 7
22 22 6
41 32 7
60 69 8
33 31 10
6 27 6
13 82 10
98 33 3
94 32 4
53 12 4
94 68 5
99 35 8
99 81 9
24 7 8
69 35 8
99 42 4
35 46 2
74 26 7
41 21 8
57 46 9
54 22 8
8 97 3
50 19 2
11 44 2
9 36 4
73 61 4
27 62 9
62 12 5
74 6 9
72 82 2
51 26 2
73 39 10
14 94 5
20 80 5
41 75 10
31 90 9
63 68 1
12 21 5
68 60 6
33 27 8
4 92 8
77 29 8
40 51 10
53 54 7
68 22 2
2 88 2
18 97 7
43 12 5
32 92 7
83 75 9
95 89 10
31 59 10
95 43 6
46 1 5
65 86 6
86 26 4
21 71 1
28 99 9
26 16 4
54 21 3
91 65 10
54 86 8
0 54 5
81 66 7
20 72 3
0 79 3
87 45 1
95 21 5
51 62 10
36 35 5
10 42 10
45 93 8
47 83 4
46 10 10
42 48 10
90 55 1
59 45 6
15 9 3
0 38 6
22 10 1
9 22 10
40 49 10
69 39 1
88 26 4
81 92 9
37 45 1
38 98 4
16 49 4
50 25 9
15 73 1
1 23 3
35 69 10
34 92 8
54 76 7
46 36 9
12 70 3
48 26 10
11 19 1
65 48 8
74 18 8
42 7 8
24 63 10
82 5 7
75 55 7
86 98 10
21 20 4
96 37 4
14 97 9
73 98 3
96 35 7
48 98 10
33 54 6
93 48 9
74 28 3
33 70 3
31 3 7
9 71 7
97 96 10
90 73 1
57 85 7
2 84 7
22 6 10
95 2 10
31 89 7
48 28 10
88 27 3
2 89 6
60 79 1
71 70 1
64 62 2
18 57 5
23 36 3
89 83 9
87 80 3
64 70 8
26 22 6
65 70 6
22 94 10
73 91 5
50 27 7
74 47 10
44 70 10
13 92 8
67 1 7
11 55 4
51 85 9
92 25 1
3 99 6
51 52 8
36 98 9
39 66 7
91 84 8
0 72 6
30 34 3
1 2 2
38 58 5
86 64 5
29 12 6
96 51 10
36 24 8
39 52 1
14 43 9
11 79 10
21 93 8
8 44 2
12 28 7
82 74 10
20 11 5
84 62 1
32 81 10
78 11 2
90 7 7
62 4 3
7 45 2
25 15 4
81 8 4
94 35 4
86 63 1
85 94 7
93 19 8
2 33 5
22 26 5
8 37 6
46 45 2
17 40 10
97 95 5
53 93 8
11 82 5
83 41 5
99 10 7
41 37 7
50 49 3
62 61 9
19 17 6
15 99 6
50 94 1
5 99 4
28 42 4
55 87 9
90 70 10
55 17 1
95 18 1
24 29 5
61 47 7
96 7 8
25 91 2
67 62 8
55 25 7
18 41 1
54 75 2
32 37 8
26 7 6
32 35 9
77 48 7
18 16 1
63 78 1
73 38 7
61 54 1
68 36 8
64 15 5
73 68 5
68 30 7
20 76 5
17 68 2
77 26 8
87 95 3
62 99 10
48 51 9
34 95 4
74 19 9
86 5 7
70 61 6
91 34 5
28 75 3
54 72 3
21 98 10
10 86 1
35 28 3
70 98 8
24 30 1
30 60 1
71 37 7
22 89 5
97 8 6
52 9 1
24 20 10
42 8 7
74 37 10
52 62 7
82 24 9
42 1 4
14 88 8
50 24 8
93 71 7
34 19 3
3 88 5
72 23 3
22 90 4
17 27 5
23 76 5
4 20 1
4 39 8
55 64 10
68 81 9
17 98 6
79 0 3
71 6 8
90 76 6
93 66 7
26 17 10
65 57 3
91 13 5
36 41 8
68 14 3
77 28 3
84 51 5
35 42 9
60 53 6
3 43 10
40 27 10
58 96 10
32 99 6
51 35 5
69 52 9
90 60 9
83 22 10
38 25 1
60 91 5
61 18 8
57 48 6
73 14 8
17 78 4
18 49 6
13 78 5
57 89 2
83 44 8
28 57 9
15 90 2
67 91 8
76 97 1
46 93 6
53 55 6
3 16 4
2 80 3
40 20 9
3 52 9
47 34 8
72 78 6
99 69 10
47 26 4
32 17 10
82 44 1
3 33 1
15 21 8
13 51 7
72 92 4
95 40 9
8 20 6
52 36 5
7 15 9
64 44 4
36 69 6
35 36 10
66 2 4
56 78 9
46 58 8
6 31 5
26 15 1
1 52 2
94 4 4
52 10 9
46 95 1
97 15 9
36 23 10
92 53 2
56 20 6
53 21 3
47 53 1
75 46 7
11 98 3
79 47 8
3 62 2
70 1 6
74 11 9
60 54 2
39 58 8
13 76 1
84 71 5
0 80 2
76 40 5
10 85 1
79 55 6
54 77 7
60 44 8
4 60 2
44 12 4
5 64 6
87 32 3
66 58 1
50 7 10
82 85 2
1 9 4
76 74 5
45 30 7
46 7 5
22 62 5
96 25 9
34 31 6
20 59 3
85 46 1
69 66 7
10 5 8
53 96 7
71 36 9
10 34 1
84 88 2
11 77 4
3 67 1
36 8 9
24 62 3
75 25 7
89 98 2
82 87 10
28 40 3
98 65 4
69 21 10
5 21 8
69 5 9
3 92 9
32 42 9
54 63 4
46 8 3
24 43 6
78 77 4
41 48 8
30 95 7
64 76 9
0 34 8
52 0 8
96 31 7
7 66 2
3 35 1
34 10 5
60 81 10
27 38 8
28 27 7
28 65 4
8 54 6
84 28 2
83 50 8
91 20 9
68 67 3
37 39 9
7 21 7
75 86 3
29 35 1
31 42 6
96 86 1
4 36 10
17 89 10
82 0 6
61 8 2
32 49 1
69 27 8
7 92 8
24 11 8
53 37 6
48 9 3
65 59 2
54 78 2
83 53 7
86 89 7
50 67 7
48 89 2
21 84 7
48 45 1
76 62 3
60 19 4
45 39 8
47 97 4
67 80 1
82 40 9
16 72 2
20 67 6
11 75 9
79 44 7
51 43 6
35 91 9
33 35 8
28 62 7
99 50 6
92 72 8
31 81 3
13 69 2
80 11 6
6 10 6
13 58 10
80 23 2
21 31 10
84 68 1
68 90 3
97 93 9
3 11 8
91 59 5
95 22 2
19 88 4
56 68 9
65 64 10
38 10 2
52 30 6
40 91 6
75 82 6
42 17 5
61 26 10
93 29 10
46 15 9
44 0 5
77 70 1
73 3 9
54 41 3
5 97 2
47 66 4
6 89 9
36 25 9
7 97 3
87 82 1
10 9 9
55 84 4
70 10 10
82 71 5
61 60 2
16 45 1
99 63 6
80 90 7
41 91 3
89 55 10
47 86 4
87 11 8
97 16 1
82 86 1
77 87 2
80 88 1
1 12 9
46 47 3
72 72 5
58 54 6
62 73 3
42 24 9
19 46 10
17 81 6
65 20 1
32 19 6
51 74 1
84 58 3
61 9 10
95 17 10
61 42 1
27 34 4
43 24 10
61 34 2
96 24 4
52 82 7
97 36 2
41 33 2
43 28 5
74 87 8
34 56 3
11 70 7
88 63 6
71 52 5
52 39 8
59 27 5
39 47 5
74 9 7
37 7 10
7 64 2
89 91 8
32 57 4
12 86 9
88 44 6
99 49 2
58 67 6
82 88 3
90 85 6
11 23 5
18 92 7
88 75 9
88 55 6
73 11 8
64 8 1
19 96 1
74 58 6
0 77 1
27 39 9
57 70 6
87 53 5
24 71 8
24 81 1
51 53 10
44 26 2
70 58 4
61 67 5
99 48 7
67 82 10
78 45 8
19 36 3
40 39 7
42 68 4
54 91 3
81 86 6
97 48 6
49 84 10
49 36 3
97 23 5
84 36 5
2 19 8
60 27 2
21 12 1
46 70 7
5 34 6
2 76 2
36 64 4
47 82 4
96 36 3
30 31 7
98 12 2
34 7 9
78 39 9
67 96 8
11 34 5
90 41 3
12 92 2
35 16 3
89 90 7
31 46 9
89 17 7
4 37 8
77 68 8
66 87 2
32 84 7
24 39 3
96 5 7
73 4 8
55 72 8
29 85 5
0 46 2
17 99 2
20 20 5
4 7 6
24 13 10
79 59 4
97 70 1
10 98 9
9 68 9
78 79 7
39 19 4
69 57 10
61 82 3
14 30 6
25 76 3
85 59 10
9 38 3
60 38 8
55 10 9
63 60 7
70 31 7
85 48 1
17 8 6
31 78 3
2 32 9
95 3 9
47 23 4
47 44 9
68 4 3
55 18 2
75 72 1
5 40 10
56 57 8
59 69 4
82 94 4
6 37 4
40 74 8
18 52 9
1 99 4
86 8 8
16 92 10
43 30 10
81 24 6
79 73 7
70 44 2
57 50 7
93 45 8
36 34 8
99 78 3
93 67 5
33 83 8
25 5 2
68 51 1
42 51 3
5 54 8
53 91 4
88 37 9
48 81 5
14 57 6
81 97 2
6 85 8
54 92 3
7 63 4
61 76 8
12 74 6
74 64 1
63 4 1
21 37 1
64 31 5
16 27 6
11 95 4
64 2 3
65 22 2
2 29 1
74 69 9
58 3 2
80 3 5
45 15 4
7 99 2
37 23 1
65 3 8
96 72 3
87 89 5
57 18 1
14 1 9
22 3 10
30 30 5
47 35 3
26 94 9
29 11 2
82 62 1
94 28 4
94 27 1
98 9 6
36 4 7
88 95 3
86 60 4
4 29 5
47 30 10
91 87 7
55 28 4
50 51 2
26 26 3
73 10 9
49 71 8
27 13 3
41 72 9
91 62 7
43 42 7
87 49 1
77 65 10
21 88 8
51 92 10
2 68 8
11 76 10
66 66 9
4 81 5
63 70 1
23 33 2
70 75 5
1 89 5
75 27 6
73 26 1
15 93 4
24 61 6
44 92 8
68 98 6
28 68 7
57 49 8
51 29 1
88 54 6
90 43 1
77 58 1
65 45 4
8 98 5
49 43 2
22 67 4
32 16 4
48 69 5
43 11 3
36 22 2
35 35 6
35 57 9
54 88 5
28 81 4
19 67 5
78 0 10
8 10 9
43 50 4
37 85 9
19 95 8
29 32 5
92 79 7
2 86 2
48 47 1
39 87 5
28 16 9
4 19 7
6 74 10
57 24 3
30 59 3
43 72 2
51 30 2
85 88 5
28 13 8
30 36 1
38 42 1
43 9 9
60 56 5
46 69 5
72 10 3
64 82 1
84 97 3
93 96 5
59 78 1
16 87 8
75 62 1
70 83 5
0 59 7
66 17 1
14 4 1
78 47 4
63 32 6
70 40 9
66 46 3
82 57 6
53 2 10
63 57 2
79 79 8
5 13 2
32 55 9
4 26 2
78 81 4
71 44 10
2 98 3
2 37 10
67 95 6
46 89 6
68 10 1
37 36 1
31 56 5
47 67 4
83 71 5
22 37 3
66 56 9
51 60 7
13 62 8
61 55 9
97 43 7
96 90 7
2 51 2
81 67 9
20 82 10
21 27 9
66 36 5
1 31 1
59 32 9
39 57 8
55 45 1
66 60 2
29 47 5
12 89 6
53 45 1
16 80 9
75 97 5
24 89 10
26 8 7
30 96 4
30 4 10
78 1 1
23 70 9
97 58 9
87 81 2
57 14 5
13 40 10
47 76 8
75 16 2
73 37 5
56 98 5
55 30 4
46 26 7
26 73 6
69 22 5
84 65 4
60 78 2
99 27 2
15 18 7
40 46 1
26 86 1
7 35 4
66 63 4
47 19 5
1 28 4
69 51 2
1 93 6
56 87 1
97 54 7
68 47 9
19 69 10
85 22 9
0 13 10
30 27 9
21 23 9
50 10 9
63 29 10
71 15 1
38 52 8
45 73 4
15 8 8
52 26 6
45 64 9
81 39 7
8 31 2
37 87 5
7 40 9
38 14 1
81 98 7
24 26 8
2 48 7
97 38 9
53 17 3
68 72 5
45 66 2
24 59 1
83 21 7
70 49 5
69 42 7
21 36 2
36 56 9
70 36 7
66 4 8
60 87 4
7 61 2
4 74 2
41 55 5
22 13 8
13 55 4
53 1 1
29 46 4
97 91 8
56 62 3
65 12 1
52 94 3
72 9 6
52 96 4
85 33 7
32 22 5
2 96 3
63 56 1
28 85 9
62 32 4
46 53 4
93 91 2
65 19 9
31 71 8
58 39 5
38 62 5
27 86 6
3 3 4
54 31 9
10 82 5
38 61 8
20 0 6
36 28 1
36 81 3
58 71 8
86 93 3
13 45 3
51 98 4
86 4 6
21 78 1
36 12 10
53 15 5
6 77 2
4 94 6
96 62 9
36 68 7
99 19 4
44 68 5
15 51 10
4 11 4
66 68 6
63 87 10
99 71 8
69 29 2
56 65 10
51 2 9
72 52 4
50 46 1
43 37 9
42 29 9
90 31 2
59 53 2
93 46 9
38 46 9
42 72 4
90 63 8
20 44 3
16 6 1
79 78 1
79 67 6
82 26 5
84 78 1
51 58 4
37 58 2
42 4 3
82 84 1
91 1 6
5 76 9
65 81 8
38 36 6
6 56 3
7 73 1
83 97 9
30 97 10
97 27 3
15 10 9
44 30 10
85 54 8
44 49 3
36 62 7
13 48 3
17 35 10
87 83 2
1 35 5
20 68 3
31 80 5
74 90 10
93 2 5
33 48 7
30 56 6
4 70 4
82 38 10
21 0 2
17 39 10
46 46 1
42 92 2
30 5 1
23 42 6
11 46 5
6 14 10
37 51 10
57 87 10
22 78 1
15 24 1
34 89 4
74 93 6
14 48 2
3 30 7
54 5 8
73 34 1
72 69 6
67 87 4
78 43 7
59 70 6
56 37 8
90 80 1
95 38 9
65 84 4
31 36 3
91 5 9
61 2 3
42 57 3
13 36 10
12 82 1
4 67 6
19 60 5
44 60 2
77 30 1
40 26 10
68 58 5
56 89 6
85 85 7
58 48 9
73 58 4
10 94 7
1 14 4
33 25 10
22 99 6
78 10 9
5 93 7
13 24 9
84 25 4
8 12 3
54 7 9
64 58 3
34 53 6
63 1 4
22 51 3
44 83 7
4 27 5
81 76 5
98 85 6
85 40 2
90 34 3
21 52 2
59 75 8
31 15 7
38 97 3
35 61 5
6 0 4
60 12 7
53 6 2
19 31 2
49 15 1
11 39 4
66 92 10
51 24 3
90 92 7
1 8 10
75 73 9
78 32 9
54 44 5
34 86 10
23 39 1
99 67 4
24 79 6
54 19 7
24 95 4
33 37 8
96 41 1
18 34 5
41 7 3
29 74 5
6 30 9
19 62 10
10 62 3
27 35 6
85 58 3
98 70 4
80 45 9
59 40 2
66 94 4
95 51 8
26 77 4
61 52 1
73 53 5
14 84 1
49 13 10
12 64 4
79 48 7
34 69 9
26 20 7
65 88 3
94 21 3
30 84 8
57 4 9
62 67 6
64 55 7
25 42 4
95 91 8
6 88 10
77 75 2
26 56 3
84 32 1
25 41 3
0 61 2
85 87 2
74 2 4
7 65 2
22 69 6
15 43 7
95 88 5
33 8 8
4 57 1
31 74 6
10 93 3
88 45 9
1 77 10
56 63 1
69 98 9
88 72 2
88 13 7
85 4 9
69 33 3
87 39 7
99 54 6
73 24 4
48 39 4
35 95 7
86 32 8
32 34 10
95 41 3
59 24 10
38 20 2
15 23 4
71 30 9
38 12 7
90 59 6
55 98 8
85 89 10
41 88 3
2 39 9
57 34 8
38 0 4
71 65 5
5 14 5
34 34 10
49 60 10
57 90 2
83 98 3
11 22 6
83 3 10
45 13 5
94 29 2
19 18 8
94 6 6
97 31 4
37 95 7
12 95 7
85 47 3
45 36 8
50 88 7
72 7 5
93 25 2
0 19 3
48 32 9
0 83 9
93 30 9
22 12 6
30 58 2
3 20 1
8 33 1
79 89 1
27 79 3
83 87 6
25 7 3
20 55 6
79 62 3
35 68 9
87 35 7
24 51 5
92 35 1
31 22 1
90 99 8
5 8 3
48 55 7
29 24 6
33 92 5
78 80 2
5 62 9
80 95 2
1 61 10
14 90 7
72 75 3
21 17 5
29 93 4
79 91 3
86 54 9
84 81 6
63 38 6
61 94 10
19 72 6
92 9 10
34 80 4
88 73 10
87 46 3
17 45 5
89 24 6
93 7 9
77 9 5
15 39 9
10 90 6
77 96 6
11 18 2
18 12 8
95 23 4
37 64 10
59 2 8
53 85 1
24 92 5
1 6 9
33 16 6
57 71 10
54 36 9
41 38 4
88 34 2
56 46 8
98 63 3
67 20 3
64 78 1
34 62 2
45 95 9
17 52 5
12 83 2
84 10 4
21 50 2
26 81 9
50 14 1
88 90 4
31 4 8
35 65 1
42 95 2
14 25 5
77 84 6
16 82 7
23 48 1
43 38 7
92 20 1
17 53 9
98 48 2
90 87 5
7 0 5
99 55 3
43 14 8
32 38 2
61 71 7
10 88 1
64 53 1
41 16 1
97 87 5
29 19 3
94 75 9
81 9 9
52 15 5
66 20 9
79 36 7
51 93 7
76 55 2
25 46 1
46 65 7
95 75 3
30 35 8
14 70 9
67 73 5
65 60 6
37 10 8
29 78 9
5 94 7
76 19 8
47 57 9
23 26 1
43 94 4
19 24 6
10 91 2
72 35 2
9 19 8
74 70 6
66 99 3
57 62 2
21 73 4
61 70 2
41 66 3
91 60 10
59 15 2
28 43 10
29 8 5
71 59 7
1 1 4
9 61 9
75 20 3
31 92 6
8 45 5
82 69 2
60 68 2
27 45 4
67 0 9
55 62 10
43 40 3
92 75 4
74 81 3
69 37 1
65 55 4
44 93 10
49 22 2
92 6 4
39 51 7
37 48 8
42 20 8
38 99 4
97 25 2
29 25 2
93 63 9
68 2 3
59 94 6
63 0 3
52 63 8
30 74 9
95 0 2
70 38 10
90 58 8
6 51 1
5 0 1
51 84 8
69 84 10
13 27 3
17 50 3
50 74 6
5 35 10
86 38 6
39 6 9
3 45 9
9 70 5
52 24 6
85 83 1
20 96 4
44 35 9
41 89 3
38 44 7
59 62 9
31 72 3
65 90 10
94 99 1
60 92 6
23 88 4
92 12 8
80 93 1
40 35 1
48 16 3
81 90 8
20 31 8
15 76 7
61 63 7
74 72 9
84 87 4
92 56 4
48 37 7
43 58 3
66 57 4
21 95 10
83 57 5
13 37 8
87 71 4
56 7 6
2 7 4
66 16 6
37 70 9
64 14 4
43 97 5
9 3 2
90 29 8
18 89 1
48 82 3
71 25 5
48 93 9
34 25 7
15 15 10
51 81 3
5 44 2
39 53 6
49 24 5
80 32 1
92 57 9
55 42 3
70 20 1
33 13 3
80 29 9
60 16 1
11 47 4
52 66 9
53 70 9
7 6 3
99 82 6
85 38 5
97 28 8
36 67 10
33 46 8
28 89 3
81 30 9
37 46 5
99 2 7
87 22 3
27 59 6
52 71 10
47 70 7
42 26 5
34 90 5
94 67 1
37 90 8
50 59 3
79 10 10
21 74 9
63 86 1
90 1 2
55 66 3
56 96 10
1 22 8
90 97 5
45 79 3
71 35 5
19 0 10
30 67 6
35 1 8
83 27 1
90 6 10
91 22 1
64 68 2
70 54 2
63 98 4
96 66 1
49 95 6
96 83 1
25 84 5
33 78 2
74 53 4
93 37 8
13 21 6
71 64 8
58 46 8
7 4 5
52 27 5
43 4 2
59 10 8
14 11 9
19 9 5
74 30 5
70 17 5
50 36 9
72 34 5
74 56 6
44 56 6
6 78 6
83 35 10
8 0 1
53 38 1
67 23 8
14 51 10
88 22 10
71 78 5
24 68 6
6 96 6
37 44 8
67 52 10
53 62 10
18 39 6
27 27 3
95 58 7
18 35 9
66 1 8
66 19 8
91 56 8
82 75 3
24 65 5
88 52 3
39 97 1
73 74 7
46 61 10
78 46 9
53 48 8
17 76 5
95 56 8
75 56 4
65 23 3
37 35 10
66 96 10
20 98 7
76 0 6
30 26 4
96 9 6
6 21 5
3 70 2
8 80 8
40 88 1
21 34 9
87 40 7
38 3 5
35 70 4
58 32 3
49 56 1
4 69 1
85 66 6
69 62 1
47 22 5
78 44 6
36 18 4
64 12 1
86 48 4
95 39 7
24 94 9
30 40 8
19 80 2
1 83 5
18 53 8
29 73 4
59 9 5
0 78 10
59 22 7
5 89 6
55 99 1
56 58 3
78 29 10
18 10 7
13 32 9
75 58 10
61 22 5
74 8 3
48 53 4
96 59 8
5 45 3
48 92 8
47 68 4
23 14 10
77 2 3
94 30 5
19 90 6
1 24 10
79 92 8
62 58 6
92 1 10
97 99 7
48 29 1
19 13 5
23 17 9
76 85 6
54 64 3
31 68 4
50 64 9
28 3 6
6 65 7
86 28 3
20 26 8
1 38 9
90 75 6
14 40 1
5 23 6
11 7 3
27 93 10
65 61 3
31 19 4
84 95 3
35 3 7
18 11 9
59 47 2
4 35 8
74 68 9
92 15 3
18 83 4
46 80 6
50 31 2
28 91 7
83 67 1
74 94 10
19 65 9
70 13 8
98 37 1
51 37 7
69 70 4
35 25 5
10 41 4
99 97 7
79 23 2
56 69 3
16 8 2
64 9 9
80 39 10
15 6 6
27 16 8
73 15 3
71 29 3
32 62 3
10 43 4
90 21 1
6 45 5
37 65 6
8 46 7
34 65 6
28 29 10
1 95 7
77 61 9
1 57 6
64 56 8
84 70 9
50 97 4
25 99 1
71 86 9
9 20 5
82 23 7
83 81 4
75 75 1
41 49 2
40 79 6
17 17 2
91 15 3
84 79 6
61 49 3
74 42 3
50 40 4
93 10 9
44 13 9
64 32 5
32 12 9
33 94 7
49 82 3
22 27 5
67 45 3
14 72 6
96 27 5
90 45 10
87 8 9
57 67 9
22 72 2
34 57 4
72 43 6
2 1 6
92 91 8
94 56 5
86 47 7
85 57 7
32 1 4
69 58 4
36 43 9
89 81 4
90 65 5
79 26 1
16 36 10
41 80 4
91 91 3
3 59 10
65 17 1
79 77 9
52 88 3
19 3 7
35 81 5
5 74 3
59 79 2
72 5 5
77 31 5
72 0 1
20 19 2
94 76 3
1 71 4
41 57 5
77 37 9
28 49 2
87 30 8
57 78 5
25 81 4
63 65 2
78 55 10
33 0 2
35 32 6
55 36 10
34 1 8
68 71 8
81 84 4
5 87 9
20 34 2
69 25 6
31 13 10
76 89 8
19 39 6
57 7 3
53 79 9
59 93 4
81 65 4
27 56 3
8 75 10
30 75 5
67 70 7
20 7 6
2 73 1
34 63 4
16 22 8
59 0 7
75 89 7
49 29 1
47 60 4
82 27 1
11 99 3
49 54 2
2 42 1
62 93 1
19 51 2
9 43 4
21 57 1
35 31 3
58 8 7
29 14 5
86 25 2
27 69 8
97 67 9
77 79 2
44 77 5
54 69 3
47 90 3
16 26 7
50 89 3
62 10 7
79 37 2
1 74 7
28 51 3
11 74 10
56 22 7
41 62 3
69 1 5
7 22 5
69 71 9
0 4 9
98 38 6
10 17 3
46 40 4
54 11 7
13 12 10
90 32 6
33 89 3
55 71 10
87 77 6
26 60 9
65 18 10
25 63 1
86 84 3
83 90 6
21 99 10
18 86 2
26 83 10
14 91 10
80 19 4
89 44 10
55 67 8
68 99 3
68 52 4
5 26 4
18 2 4
75 9 5
2 15 7
8 71 2
60 13 9
71 58 5
19 6 2
25 49 9
40 70 4
19 25 5
27 76 6
7 3 2
10 45 10
59 29 5
34 11 8
62 56 10
17 73 2
15 91 2
45 12 5
81 41 10
67 9 3
71 99 4
57 91 6
74 44 3
25 95 9
34 6 9
91 48 5
94 39 10
38 96 7
35 37 10
34 2 2
93 89 5
37 14 10
84 82 1
30 13 6
58 44 4
52 81 5
34 76 2
41 56 3
27 42 3
91 29 9
58 13 9
71 94 4
57 30 3
93 3 1
1 79 9
5 81 9
85 0 5
76 5 2
29 50 1
66 5 2
65 28 10
15 74 5
7 36 1
44 91 8
54 38 8
73 8 1
68 85 5
20 74 10
36 54 4
49 92 5
82 33 2
40 65 10
49 2 8
26 95 3
86 49 9
95 9 8
59 99 1
20 14 5
9 14 7
13 33 1
88 68 9
68 54 3
10 15 10
22 77 5
95 98 10
8 94 3
3 48 3
52 12 5
31 66 6
19 37 4
86 7 5
19 93 6
7 98 9
58 35 10
82 41 9
96 19 7
43 0 5
48 14 3
55 54 4
98 76 10
74 33 3
63 93 5
69 65 7
12 59 1
64 30 2
48 43 1
46 67 10
19 11 1
48 46 7
20 30 1
92 3 9
27 94 4
79 90 1
76 72 9
57 63 10
48 36 7
50 4 1
4 15 5
19 49 1
82 1 7
45 59 5
77 22 1
68 55 1
3 66 2
34 8 5
45 68 1
4 55 8
84 22 1
66 78 1
93 11 6
53 35 5
58 77 9
27 25 4
91 90 10
52 46 1
31 25 7
7 16 1
25 88 5
92 48 1
1 65 1
18 70 2
8 76 10
66 71 5
97 94 1
39 5 8
88 97 6
72 37 9
31 97 3
91 42 10
19 86 2
46 30 3
33 90 9
70 52 2
99 38 3
84 99 3
67 37 3
98 67 4
20 87 1
97 5 7
82 13 5
74 48 3
27 83 8
74 17 6
84 60 2
11 0 8
44 69 8
15 86 10
81 17 5
96 67 4
3 68 9
92 90 6
98 54 9
72 67 4
24 85 4
33 28 2
68 61 2
70 27 4
0 21 7
29 99 7
31 96 8
16 46 2
23 32 3
23 10 4
17 7 10
8 70 7
97 79 2
40 5 7
21 66 7
47 87 5
87 66 4
84 42 4
1 46 4
91 45 1
80 69 8
79 14 6
24 49 8
56 48 7
52 64 6
7 78 10
0 65 5
61 17 10
17 67 8
13 95 9
40 89 5
52 58 9
57 19 7
23 56 4
9 8 9
82 17 9
39 84 9
33 81 8
98 16 9
60 83 5
47 9 7
44 44 10
14 9 3
30 38 3
50 78 10
54 71 8
23 90 8
81 18 8
92 13 8
28 31 1
54 4 5
42 62 1
97 83 1
25 97 3
80 76 3
5 47 6
8 15 2
67 27 2
53 40 7
2 82 4
39 63 5
28 86 6
36 33 9
53 58 6
71 90 6
2 30 7
96 89 10
76 79 7
67 93 1
84 29 4
85 27 6
58 17 5
40 8 9
83 45 6
39 42 4
40 93 3
84 61 10
86 3 9
2 71 8
39 81 1
4 2 9
79 71 6
35 15 3
81 44 9
2 92 1
2 26 1
21 42 2
37 16 1
12 40 5
80 87 6
87 33 7
43 67 7
0 6 3
38 37 8
44 37 8
3 40 9
97 3 5
93 12 5
87 19 1
9 78 5
18 58 5
73 47 2
52 3 2
48 75 3
24 52 7
44 89 5
50 47 4
96 73 1
50 18 3
66 12 7
56 74 2
90 93 7
91 77 5
19 38 1
2 6 9
46 5 7
69 85 8
89 25 3
43 57 4
13 91 4
69 91 8
92 63 9
55 49 10
58 42 4
73 29 9
80 37 4
57 42 7
50 5 3
42 80 6
56 45 5
72 90 9
3 37 1
50 44 2
44 28 2
98 95 4
6 34 6
59 83 3
28 36 9
15 88 1
73 89 8
83 77 7
59 61 9
5 52 5
15 5 3
6 83 2
10 13 8
0 39 4
85 21 2
5 92 4
23 2 6
77 27 6
12 65 1
96 57 1
52 61 1
47 27 7
54 29 1
2 27 1
15 1 6
50 45 8
40 24 4
39 64 6
96 71 2
85 55 8
93 49 7
18 6 1
62 82 4
62 59 4
64 38 8
89 50 8
86 83 4
41 24 7
2 23 3
37 57 4
88 5 8
46 60 6
4 71 8
99 61 10
52 79 6
40 21 5
70 85 6
90 71 6
17 47 6
96 45 3
95 48 9
17 14 4
78 34 9
0 81 9
95 31 7
11 90 2
89 62 9
73 72 10
92 31 10
32 50 7
46 29 2
43 27 1
82 42 8
35 63 10
1 34 3
73 59 3
27 26 6
25 16 5
52 18 7
19 21 3
52 19 6
21 87 7
90 53 4
96 34 7
94 50 1
28 83 3
35 47 1
30 73 2
10 76 4
91 9 6
37 20 8
13 98 1
42 39 9
7 2 8
30 87 9
34 23 1
37 69 5
51 90 10
62 49 6
36 86 6
57 44 7
93 17 10
36 80 9
38 53 9
18 96 6
70 66 5
5 70 9
55 11 6
40 45 10
6 44 2
2 57 5
47 16 4
2 46 2
40 92 3
61 72 5
68 0 10
41 19 3
27 30 8
51 75 4
45 99 7
23 91 7
59 44 4
92 47 9
38 22 6
32 53 4
6 5 6
99 52 4
62 39 5
31 84 8
12 36 10
50 3 3
81 35 1
98 49 9
3 83 3
43 48 4
61 15 2
91 7 6
83 46 7
89 96 7
67 75 4
72 20 2
44 81 8
79 40 2
21 38 3
0 30 7
71 71 5
27 24 1
0 96 8
18 71 2
49 21 1
36 96 6
16 21 10
55 93 9
12 69 8
43 83 3
74 62 5
68 75 9
5 32 3
44 95 6
98 55 5
63 94 1
98 1 8
19 53 4
20 2 2
42 9 8
52 47 2
7 71 4
96 8 2
65 26 6
41 65 4
53 49 3
50 60 7
13 30 4
57 64 9
12 51 7
87 65 3
32 7 6
82 60 7
73 48 1
25 61 2
40 33 6
34 49 1
67 29 4
30 55 6
51 64 9
4 31 9
76 26 8
79 13 8
8 64 5
8 13 3
88 92 9
25 30 4
43 82 3
25 52 3
5 78 8
38 92 2
40 66 1
83 62 1
26 3 3
27 18 9
88 17 6
60 2 7
75 64 1
20 12 4
21 58 1
20 10 2
74 14 6
45 6 4
92 27 6
46 44 1
98 17 6
82 95 3
88 82 7
11 26 4
40 77 6
63 91 7
21 80 9
43 7 2
12 45 6
27 92 1
9 50 2
8 79 1
82 77 9
49 44 10
73 90 4
2 9 5
37 66 10
16 2 7
47 32 4
95 49 9
55 53 1
42 89 8
55 12 1
3 15 1
87 1 8
87 48 8
92 80 3
94 71 1
58 52 4
69 61 4
15 2 4
67 21 5
1 43 9
87 63 5
67 5 4
32 41 4
7 76 1
67 24 3
63 67 9
62 9 2
7 68 6
15 46 10
45 90 8
54 99 1
14 13 3
58 86 7
11 38 4
45 75 10
28 17 6
7 24 8
41 9 7
44 61 7
79 46 10
53 77 2
80 31 4
47 3 2
17 88 7
11 37 4
63 62 7
32 61 1
94 82 8
79 75 6
32 93 6
34 48 2
72 13 8
15 59 10
90 26 2
6 19 1
12 16 2
58 16 10
91 82 7
58 58 6
84 44 6
56 72 9
1 45 1
53 60 6
44 8 6
23 13 4
32 45 6
35 30 9
87 36 5
48 31 4
17 86 10
84 16 4
53 63 6
31 27 6
10 23 6
71 3 8
30 77 5
1 84 8
55 37 8
61 98 2
72 93 3
21 30 1
3 80 4
31 23 2
30 52 5
43 36 5
26 98 7
45 65 5
65 95 5
37 43 2
77 18 4
95 92 8
63 22 1
66 65 4
2 99 9
58 91 2
23 27 4
58 41 6
9 12 4
61 28 4
70 11 8
73 49 3
13 68 2
16 40 8
68 73 1
6 20 3
12 43 1
75 10 5
90 9 6
86 50 4
72 86 3
24 15 10
15 67 3
54 17 1
16 12 5
2 13 6
78 62 5
64 40 2
37 81 2
4 93 6
55 2 6
84 45 6
59 84 3
10 77 8
99 39 7
63 17 6
41 0 10
17 5 4
71 77 6
75 52 7
41 25 3
3 49 3
38 83 10
39 1 7
11 13 8
64 89 2
97 84 9
81 3 7
5 2 6
41 13 1
24 38 3
18 63 4
25 79 6
96 2 4
12 38 6
77 97 8
97 12 6
71 84 10
99 46 3
45 92 7
88 18 1
84 5 8
67 17 7
94 87 5
66 77 4
9 37 9
77 11 2
50 11 5
40 32 4
94 1 1
26 30 7
89 20 10
34 87 2
52 90 1
52 23 9
21 28 4
31 69 6
75 28 2
58 92 6
33 98 8
57 69 4
96 78 10
57 95 4
20 71 9
68 95 6
18 3 10
17 37 9
65 63 9
2 85 3
58 78 1
40 68 1
43 45 6
68 32 8
30 47 4
17 15 4
45 19 10
83 14 9
48 8 1
98 39 6
51 68 3
79 53 10
66 39 9
40 48 9
41 67 4
8 1 7
71 74 3
1 19 6
10 39 9
10 73 1
94 65 10
94 77 4
43 76 4
59 30 1
65 85 8
6 7 10
0 14 8
4 64 8
66 34 9
34 41 2
93 77 2
24 25 8
7 31 2
39 9 2
89 75 9
7 52 1
21 64 6
76 7 6
36 32 2
35 88 10
56 31 10
71 21 2
59 77 5
91 98 3
46 79 8
89 28 4
13 29 4
32 0 9
7 86 9
31 76 9
16 71 5
16 78 6
80 35 6
59 8 4
53 87 6
99 26 4
59 92 6
12 71 8
0 7 4
2 43 2
26 46 4
84 7 4
21 5 8
93 16 8
86 94 8
9 16 8
56 64 1
89 3 2
71 27 10
54 83 10
11 54 5
93 97 3
70 42 6
45 49 9
72 84 2
7 14 4
44 34 8
12 3 6
37 9 4
29 86 1
13 61 5
85 77 3
54 60 4
43 95 2
53 23 1
57 60 1
63 79 9
65 37 8
34 32 6
7 46 9
90 66 5
52 25 9
8 35 8
65 96 7
16 79 5
62 81 2
89 35 8
79 96 7
11 68 10
43 29 1
69 82 10
84 77 6
61 68 9
65 80 6
90 11 8
89 94 10
89 33 10
95 81 8
99 5 6
33 23 8
24 54 5
57 83 5
84 35 6
3 98 8
10 53 1
71 54 3
14 86 5
67 4 5
1 40 1
1 96 1
0 36 1
15 7 7
48 35 6
86 45 4
53 95 7
18 51 1
60 49 1
92 23 9
78 48 2
94 38 9
80 28 5
9 11 3
55 44 5
75 96 7
7 20 4
87 31 7
66 82 5
94 91 9
15 85 5
68 56 7
19 30 7
59 46 5
84 18 7
11 41 2
39 62 2
21 45 4
84 90 4
1 49 10
36 27 1
13 50 7
49 14 10
68 40 6
53 3 9
72 4 8
41 61 3
96 61 8
84 41 2
17 20 8
47 39 5
85 26 2
69 96 3
75 11 9
69 49 5
61 21 9
45 1 9
0 57 2
43 71 7
87 76 3
68 63 9
84 49 10
51 97 1
50 13 2
97 13 1
80 79 8
73 94 4
85 91 9
29 36 5
69 9 9
51 36 3
92 68 8
88 48 5
27 57 7
19 56 8
24 0 8
72 14 1
96 26 3
25 78 6
18 1 9
59 39 3
36 66 3
9 66 9
65 36 9
80 34 8
35 34 6
85 32 9
36 79 1
18 33 2
60 29 8
1 53 4
52 28 1
10 59 4
41 15 1
23 29 8
13 77 3
98 32 1
69 17 4
92 99 1
76 63 4
80 74 2
57 57 1
78 35 1
5 11 2
50 35 7
79 80 3
33 79 4
42 10 2
39 11 1
56 23 8
18 61 10
21 62 5
3 1 6
54 68 4
38 67 3
64 46 8
15 13 6
75 48 2
8 40 3
61 77 7
30 21 4
29 63 3
7 55 1
95 30 7
4 34 10
10 65 1
32 36 9
34 44 8
23 15 6
57 41 2
63 52 7
17 22 4
62 69 3
59 35 9
98 64 8
49 87 3
86 17 6
12 0 5
20 66 5
84 2 4
20 53 2
14 20 2
23 45 7
9 85 5
92 36 4
33 34 5
22 50 8
63 83 3
41 96 7
56 38 8
86 11 5
50 34 6
88 80 10
74 79 4
91 50 1
21 19 3
45 0 7
53 81 1
26 37 7
62 0 2
16 68 9
3 4 3
82 56 3
80 52 1
25 26 3
31 18 6
53 92 2
4 23 2
97 20 8
16 60 5
88 23 1
43 55 10
99 64 7
24 53 10
25 33 5
15 79 5
30 10 8
69 88 10
34 16 8
32 97 5
8 27 8
98 6 10
47 80 4
39 28 7
71 8 10
61 51 6
14 3 6
77 35 7
7 70 7
70 96 8
49 37 6
29 4 7
51 42 4
80 59 1
38 87 8
67 81 3
14 62 6
64 74 7
5 85 2
67 60 8
85 64 4
10 1 7
66 70 6
86 96 9
28 95 9
49 76 9
20 47 1
35 11 9
76 61 3
72 32 9
67 58 5
24 3 10
48 86 9
37 40 8
96 42 7
65 65 7
87 61 3
50 75 2
92 7 9
0 16 6
64 64 3
59 19 6
27 29 4
4 17 7
78 65 2
60 52 10
50 90 2
37 60 10
28 18 4
95 35 10
44 48 3
80 13 6
83 16 9
72 40 3
43 78 5
49 0 9
40 17 2
96 40 2
18 45 2
6 29 8
57 74 9
27 20 7
0 55 5
68 33 5
81 43 9
58 27 3
18 77 10
77 15 10
48 52 9
2 58 3
45 72 9
36 45 10
45 5 1
16 69 7
87 56 8
25 89 1
16 97 6
19 15 6
10 38 3
64 75 8
33 86 2
42 50 7
13 23 10
53 56 1
25 27 8
73 70 3
55 20 5
70 72 7
9 73 2
71 41 5
88 33 4
18 81 3
16 73 1
96 39 6
75 3 6
21 2 6
81 36 4
13 3 2
60 1 8
6 53 9
0 40 10
13 57 6
44 71 8
8 47 5
75 93 4
26 61 6
39 24 7
82 32 7
70 92 5
13 18 8
14 77 1
18 32 5
14 75 1
38 70 9
19 43 9
40 80 8
34 27 7
68 37 10
93 33 3
15 56 3
51 76 3
35 86 8
81 79 2
24 47 7
97 78 1
67 49 1
61 56 8
17 18 1
83 37 6
47 52 4
63 16 9
40 72 2
30 82 1
30 90 9
85 11 9
53 39 8
63 45 5
68 11 6
21 46 8
31 57 1
50 85 1
93 75 5
18 65 1
68 79 7
29 45 6
49 18 9
94 73 7
29 42 5
18 73 9
7 72 9
54 16 4
33 19 6
91 71 8
91 39 9
42 67 7
69 32 4
44 63 7
14 23 3
72 70 3
1 47 1
87 68 2
96 85 7
28 71 6
78 68 4
25 87 7
93 52 7
29 38 3
26 47 5
1 86 1
42 81 3
82 3 7
49 9 9
27 49 1
1 91 8
27 58 5
32 72 3
49 33 10
90 69 1
34 20 5
94 20 1
81 11 6
74 49 7
59 25 8
81 96 1
49 81 9
35 14 1
16 85 6
97 29 3
4 56 7
48 34 2
33 33 1
46 82 4
25 50 9
53 30 4
72 77 1
76 82 10
34 96 9
75 44 5
44 21 5
8 22 6
15 14 4
21 67 6
98 5 10
71 92 10
31 31 5
23 83 1
73 56 4
4 5 5
75 78 3
95 25 4
13 83 6
78 53 2
25 17 2
15 78 9
6 72 4
45 26 5
5 42 4
34 66 1
88 21 3
78 19 5
56 52 8
54 90 6
10 22 8
16 58 10
69 50 6
24 83 10
25 39 7
40 54 1
46 84 7
68 41 4
35 99 6
0 42 1
87 75 5
35 74 2
64 10 8
58 45 2
70 41 3
13 54 3
56 79 9
25 45 5
47 81 5
14 19 1
33 40 7
65 4 5
77 83 5
55 63 8
43 43 7
72 29 7
83 99 5
26 74 5
80 36 5
72 21 4
8 96 1
95 94 9
88 65 4
67 26 4
42 54 1
89 31 8
56 40 7
27 70 6
83 96 10
26 52 7
74 29 8
45 98 2
25 71 6
43 22 6
97 86 7
70 34 2
64 59 5
38 6 4
50 63 10
38 73 3
75 91 4
40 53 10
23 99 10
69 79 1
55 40 6
17 92 5
66 76 10
92 81 10
12 88 6
90 74 5
97 75 9
9 84 8
55 47 9
70 73 3
46 87 10
51 69 6
81 73 10
28 79 7
53 19 6
27 85 8
78 60 3
17 25 8
77 5 10
91 95 6
76 91 5
70 23 9
14 37 7
17 93 7
82 28 2
84 93 4
80 77 5
81 2 3
87 59 5
71 49 8
61 6 6
4 28 2
44 23 9
51 86 4
92 61 4
53 84 4
66 98 4
74 86 7
42 83 7
90 15 9
6 87 7
55 51 7
33 10 8
59 17 9
78 73 1
70 78 3
86 31 6
5 86 7
62 14 6
93 62 4
76 44 2
62 29 2
40 95 5
73 97 9
54 50 6
50 56 10
60 43 10
41 59 3
44 97 7
49 73 2
93 59 1
57 17 7
20 97 8
62 6 3
39 14 10
35 66 6
29 75 1
80 38 9
21 1 3
50 76 4
4 61 3
54 85 8
64 66 10
47 13 1
38 93 6
74 52 8
45 8 8
90 47 9
39 26 7
12 34 9
95 77 1
68 26 8
8 95 9
64 80 9
45 24 10
47 2 10
36 55 8
88 31 6
80 17 5
48 61 2
21 40 9
68 64 3
76 94 2
0 98 10
99 45 10
60 11 2
63 99 7
93 8 7
48 88 7
16 39 4
14 5 2
27 23 8
24 33 6
80 75 6
97 14 10
59 20 3
52 84 2
85 31 10
27 54 8
53 94 8
64 77 3
24 78 7
81 14 4
40 25 10
51 41 5
21 68 4
95 42 6
69 68 4
58 1 10
39 13 4
23 89 9
1 17 4
91 41 1
55 97 2
29 29 5
20 57 4
69 64 4
61 14 2
2 34 10
79 42 1
97 33 1
0 69 1
54 80 5
8 89 3
94 59 9
32 31 10
43 98 5
87 79 1
46 21 10
49 50 10
2 41 2
58 40 1
93 5 4
49 55 9
87 70 8
75 45 3
33 95 3
8 26 7
94 95 2
57 20 3
55 90 6
17 43 3
75 32 10
33 57 8
96 96 2
71 51 2
28 94 4
33 72 4
4 49 10
92 69 6
25 6 7
85 65 8
3 38 10
38 28 3
22 7 3
2 35 1
25 31 9
62 30 1
95 8 4
16 89 6
26 71 10
43 61 9
92 52 9
50 95 6
50 1 5
49 69 7
29 21 5
7 96 4
72 30 7
76 21 7
87 14 7
75 85 10
76 98 5
42 42 4
92 45 3
79 19 7
98 3 2
15 64 8
12 35 3
66 15 8
94 15 4
54 1 1
70 4 6
4 75 10
77 89 4
13 41 2
79 45 4
83 20 3
36 17 10
50 73 6
43 51 7
23 23 10
60 82 9
80 26 7
86 41 2
45 96 1
39 37 6
38 47 3
10 49 2
53 90 7
90 20 2
94 13 7
60 55 9
12 1 6
48 90 5
3 44 5
20 27 3
10 96 5
20 51 4
37 11 10
92 8 2
14 81 1
80 8 4
60 0 7
2 66 6
6 4 10
41 11 1
63 5 6
38 66 9
57 10 4
66 0 9
31 45 8
70 18 8
28 20 1
22 74 2
1 87 6
4 62 10
11 2 8
44 85 7
59 38 5
60 85 7
84 57 1
68 48 7
9 10 10
8 84 10
96 1 7
92 89 1
74 39 4
48 70 7
72 15 8
96 30 1
62 95 7
53 50 3
39 95 7
72 88 1
46 99 7
48 0 6
69 73 3
62 87 7
30 51 5
50 81 10
67 22 10
14 58 4
74 46 3
41 78 3
27 6 8
96 29 9
47 77 9
80 97 2
79 22 10
49 65 1
43 10 9
81 1 5
7 17 3
39 20 3
50 53 2
87 20 1
34 70 5
37 34 7
69 34 1
20 1 10
58 19 7
97 2 4
8 42 4
49 12 6
96 88 7
84 86 5
59 65 6
37 17 6
99 15 6
17 85 2
39 83 1
33 36 3
42 75 1
62 1 5
56 15 7
37 93 2
64 37 10
93 58 2
85 74 2
70 59 4
1 42 3
0 47 9
76 64 9
42 70 2
77 71 2
79 68 1
15 57 9
36 70 6
27 78 3
19 84 3
10 95 8
72 45 3
74 50 1
21 59 7
27 97 4
76 57 9
79 85 10
62 26 9
59 34 4
65 16 10
40 55 1
27 51 6
61 91 6
3 6 10
42 98 9
50 50 5
66 64 8
10 80 7
29 64 1
45 21 8
85 19 5
71 38 9
66 21 6
53 69 2
21 81 1
80 1 7
52 91 8
33 43 5
91 70 9
62 7 5
39 34 1
86 34 3
16 90 10
12 39 9
16 11 6
57 31 7
23 58 8
55 81 4
83 61 5
65 11 7
39 65 5
8 29 4
70 99 8
2 61 7
51 46 3
31 88 3
10 10 8
48 74 9
26 54 7
30 7 3
51 80 6
76 78 3
58 59 3
99 84 1
99 29 1
23 18 9
54 67 4
32 30 8
45 52 7
92 92 6
30 80 3
65 29 8
41 50 6
78 52 8
49 28 7
10 46 5
11 97 1
95 1 6
60 20 7
69 26 1
85 29 9
99 51 7
57 32 4
56 81 1
39 74 8
54 39 2
14 80 4
43 73 10
66 59 2
72 51 1
22 63 4
57 65 2
38 89 4
61 95 4
97 62 7
67 79 3
78 58 2
73 64 4
89 38 1
52 54 7
24 1 9
55 57 3
99 58 1
75 31 9
90 18 4
60 71 10
18 17 5
15 31 9
12 54 1
72 6 4
74 16 10
3 72 6
84 54 10
84 85 5
33 74 9
33 55 8
97 51 4
90 22 6
59 89 6
41 22 2
62 31 7
96 44 8
47 42 8
32 89 3
33 11 3
93 27 5
64 98 10
67 8 10
55 38 8
67 19 1
26 68 9
95 19 3
43 2 10
69 56 8
75 15 6
79 76 3
32 20 5
42 53 3
27 0 5
90 78 2
49 25 1
13 86 4
24 76 2
44 4 1
82 6 3
19 59 1
77 90 6
46 50 10
48 73 3
9 23 4
48 30 7
88 49 10
30 29 6
26 69 2
44 3 9
23 96 1
73 78 2
70 55 6
29 13 2
14 68 4
6 84 9
0 49 4
9 2 5
5 6 5
40 69 8
52 43 3
81 46 1
86 30 6
73 62 4
3 74 10
95 10 7
57 2 10
44 53 8
58 81 4
20 9 10
72 1 8
39 75 5
5 68 2
72 64 7
44 79 7
94 93 2
93 64 10
18 90 1
52 29 10
77 45 7
27 77 7
30 89 9
69 67 5
54 25 1
71 32 4
51 21 4
27 63 3
36 88 10
79 81 6
36 71 8
56 4 4
42 65 1
55 59 6
12 67 7
36 93 7
52 45 2
50 71 10
17 46 4
86 65 2
76 22 4
83 66 2
67 38 2
38 8 1
65 43 2
49 61 7
77 74 4
3 91 9
48 54 4
8 57 3
82 93 10
24 98 10
43 3 3
29 70 6
25 11 6
72 80 10
0 2 1
64 95 3
58 63 2
37 63 10
12 58 8
41 73 8
49 17 7
15 17 7
31 55 8
66 38 4
31 5 4
76 35 10
33 26 2
92 85 5
97 76 1
23 53 1
81 28 9
54 94 4
23 59 9
37 82 4
58 36 9
49 19 10
59 88 4
61 46 4
83 92 1
85 52 10
41 46 4
38 75 8
27 82 3
73 42 9
13 96 7
99 9 10
84 19 6
91 52 3
1 76 8
9 44 10
25 21 10
38 84 6
9 26 10
13 43 1
19 71 7
0 26 10
39 12 10
17 54 6
32 65 2
89 19 2
8 32 6
6 82 5
52 98 4
85 28 2
99 22 1
39 71 2
6 70 3
36 97 8
29 9 9
25 82 1
8 92 2
91 94 8
22 39 6
80 64 3
37 72 3
7 39 7
53 57 4
5 17 1
36 37 9
41 84 3
3 23 1
59 18 10
8 8 5
83 89 5
55 13 2
23 41 5
80 73 9
85 71 10
61 38 10
4 58 1
18 26 7
33 39 6
63 42 8
55 60 9
73 0 3
58 70 3
44 65 3
74 63 10
25 19 1
75 2 5
42 71 3
8 28 5
47 15 7
91 31 8
1 54 9
65 24 3
36 50 1
41 69 4
8 99 1
49 7 9
62 17 6
14 42 8
32 60 9
10 44 2
22 44 7
10 12 10
73 16 2
85 17 6
83 38 10
14 74 7
77 51 9
20 48 5
42 47 9
90 0 5
78 6 10
16 37 6
38 95 1
45 84 3
60 17 4
37 33 3
13 8 10
91 19 8
88 47 9
81 6 6
46 20 4
5 84 10
61 65 3
57 35 6
96 74 7
35 39 4
66 81 5
78 27 7
92 70 3
92 73 3
48 59 4
37 75 7
78 91 8
64 60 9
15 81 2
67 39 3
6 48 4
43 69 10
75 79 1
23 35 7
63 74 6
60 61 8
2 21 10
30 18 8
19 20 5
97 63 6
51 99 10
30 25 9
36 26 5
51 51 4
47 55 9
1 60 4
12 48 5
92 93 9
61 41 5
26 33 6
39 17 7
93 43 10
94 48 3
28 23 7
56 16 2
42 60 5
36 47 1
45 3 10
85 44 6
52 75 8
82 90 9
78 64 9
41 79 4
45 4 1
61 53 4
90 61 2
87 29 7
52 44 6
91 68 2
0 93 6
6 3 9
12 93 7
45 44 7
68 46 5
16 38 9
30 20 5
73 96 6
30 22 3
68 45 6
98 93 3
74 3 4
21 63 5
0 71 3
23 92 3
8 72 5
35 0 5
97 4 8
78 24 9
27 55 2
74 73 10
2 16 7
83 10 1
81 26 1
22 32 9
69 93 6
25 40 5
69 20 5
64 22 1
86 71 5
19 70 4
87 7 4
3 76 4
45 69 5
20 42 10
95 86 10
89 86 7
24 90 3
41 39 1
98 86 4
85 5 4
51 48 9
33 75 9
3 93 9
33 63 1
49 75 8
99 12 4
18 66 2
70 65 1
88 4 9
8 7 7
83 80 4
71 23 10
14 53 1
73 86 9
27 53 8
69 86 8
73 80 7
33 71 3
91 85 9
75 41 6
99 44 4
55 26 10
76 31 6
97 19 9
57 79 9
13 72 2
58 61 1
99 57 9
12 99 6
71 53 6
5 69 8
11 28 2
7 44 4
72 28 4
84 92 4
30 98 1
3 36 8
12 24 7
10 74 3
31 40 5
65 82 1
18 98 7
64 23 8
6 9 4
17 44 1
63 30 8
85 45 10
52 34 6
3 9 9
51 27 8
17 60 1
9 69 7
2 11 4
41 26 9
4 0 8
5 10 3
47 31 7
32 71 8
98 22 3
16 25 4
64 84 8
98 75 9
73 9 1
90 17 1
18 56 6
73 45 9
36 2 4
55 5 10
35 73 6
51 38 8
90 10 8
67 28 5
74 75 8
50 79 9
70 5 5
28 5 10
17 19 10
16 57 5
26 48 1
29 37 9
99 89 3
65 79 10
87 41 6
34 54 2
10 2 9
89 68 6
8 86 8
15 83 9
93 83 9
11 40 8
95 5 10
30 53 8
47 63 6
29 31 10
98 40 6
19 8 7
88 15 9
26 93 4
45 45 1
61 44 4
15 35 10
87 23 3
74 0 5
43 15 7
62 72 6
73 71 8
28 47 1
0 53 4
60 65 3
62 63 9
55 55 7
56 32 9
79 95 10
57 88 10
60 75 7
13 9 5
53 82 5
13 93 10
87 26 3
2 20 4
67 65 6
45 94 5
3 54 3
56 30 1
68 92 3
96 28 2
2 75 1
98 52 4
40 97 5
18 84 7
45 35 2
17 58 9
95 29 7
17 63 4
41 81 8
26 72 10
81 94 1
71 39 6
20 81 1
58 97 3
23 19 10
13 14 5
70 21 8
62 19 5
82 22 4
48 71 1
80 68 9
65 58 5
0 56 2
53 8 5
77 7 10
35 97 7
1 92 4
16 43 2
53 97 8
91 99 9
54 54 6
93 51 1
19 57 7
62 98 7
81 37 8
0 10 6
70 19 4
94 96 1
62 11 5
75 76 2
71 97 7
15 48 5
48 78 10
96 22 2
39 50 9
7 62 10
78 23 9
30 54 8
90 44 7
95 83 7
73 84 1
14 78 4
71 55 4
43 68 9
20 84 4
69 46 7
77 85 2
78 37 5
89 78 9
19 32 6
58 18 5
19 91 7
12 50 8
62 20 8
97 73 1
17 42 5
4 46 10
74 51 7
77 6 1
90 8 1
53 34 9
22 55 8
29 26 7
69 8 4
77 52 3
88 1 4
65 67 3
67 3 5
51 44 5
58 93 1
1 13 7
40 90 9
51 39 5
87 27 5
10 25 6
75 50 5
52 69 5
79 29 10
98 82 7
20 60 2
74 98 10
18 9 4
10 63 4
65 21 8
93 57 9
10 50 8
12 91 4
22 36 10
40 19 1
28 32 5
56 66 9
70 95 10
48 25 7
63 26 1
36 10 5
9 29 3
69 90 7
63 84 10
47 40 9
72 22 5
53 99 4
39 32 3
35 40 4
0 76 8
22 40 5
67 66 10
44 67 4
73 6 10
26 89 8
43 66 3
54 95 1
78 97 1
1 32 4
25 43 2
37 59 10
29 79 4
16 17 2
20 92 1
64 33 8
36 83 9
93 47 9
50 43 8
7 33 1
60 28 5
90 4 6
21 60 6
76 80 4
80 72 10
41 60 3
6 47 8
16 65 5
25 35 2
74 13 9
39 86 2
48 72 8
16 31 2
47 95 3
40 28 5
96 58 3
12 84 9
47 10 9
42 6 7
96 38 2
75 63 2
68 13 8
43 87 1
87 93 5
6 71 3
25 83 1
31 49 1
86 10 5
55 3 4
0 89 1
19 48 6
94 69 10
14 61 5
2 62 9
15 61 3
24 74 5
89 69 5
96 65 3
25 92 7
82 58 9
57 52 7
28 38 1
74 31 9
56 0 9
81 71 2
38 18 7
48 20 4
35 5 8
69 38 5
59 90 5
65 15 10
11 35 7
56 50 2
27 12 7
26 35 10
11 96 2
79 39 3
7 43 6
33 62 8
77 0 10
99 93 10
28 15 1
57 25 8
73 63 3
81 60 8
62 36 6
61 96 6
7 95 2
87 96 5
77 46 9
98 88 4
27 31 8
29 49 7
69 89 1
51 82 8
87 73 6
35 71 6
15 68 2
89 41 4
7 34 1
89 60 3
42 74 3
32 2 10
82 97 4
82 72 6
18 80 10
20 37 10
56 53 8
16 99 10
81 38 8
13 81 10
26 75 3
50 28 4
40 58 9
43 70 7
0 50 8
51 32 8
8 6 7
88 61 9
8 93 1
89 66 5
5 73 7
97 66 2
44 58 3
29 28 4
78 63 6
23 54 8
28 59 2
79 7 6
18 38 4
56 95 9
49 59 2
70 69 7
44 10 7
26 36 6
55 88 4
63 2 3
85 51 7
94 17 1
11 31 10
82 82 9
48 10 5
81 61 2
45 97 6
37 71 7
5 53 5
30 45 5
45 76 10
22 49 8
95 62 8
80 86 8
15 44 7
40 43 7
34 71 1
34 21 2
18 76 1
65 38 8
14 82 10
91 72 3
18 24 8
54 52 3
52 74 4
21 97 3
55 89 8
64 41 7
84 56 7
94 70 10
9 30 6
61 83 6
57 37 10
36 75 8
86 14 7
16 0 8
99 31 8
36 31 5
60 23 2
40 18 5
17 33 7
27 1 10
88 8 2
97 55 6
63 44 2
15 65 1
45 27 5
14 98 7
74 66 8
47 98 8
45 87 9
95 95 4
23 1 1
76 90 10
71 16 2
83 12 6
88 85 6
43 65 8
83 76 4
51 10 9
18 72 10
93 90 2
83 69 10
57 8 7
40 78 1
20 58 9
26 25 6
50 6 6
67 14 7
63 3 2
3 31 7
22 85 4
87 42 4
34 73 7
12 63 3
37 62 4
98 25 8
40 73 10
52 32 1
57 81 8
73 55 6
50 87 1
46 38 6
69 10 8
64 19 1
80 61 7
84 48 5
92 19 5
26 44 7
93 61 7
85 68 4
26 28 3
83 2 10
3 5 4
59 64 3
9 18 2
33 77 8
49 1 9
12 5 10
38 77 2
7 83 5
80 98 7
71 98 10
42 77 4
99 7 7
60 15 8
96 82 9
27 33 10
91 58 2
40 10 8
91 78 5
32 96 1
13 15 4
93 76 3
24 40 7
56 43 3
61 29 6
78 88 7
23 43 3
87 97 4
74 36 7
38 26 3
12 96 7
73 13 6
53 10 5
7 74 6
8 17 10
31 39 7
85 84 8
3 12 7
94 5 1
39 30 2
78 99 6
6 86 9
3 41 10
26 78 10
6 92 2
39 10 3
93 38 5
39 89 8
36 90 1
99 32 8
7 90 7
47 37 1
5 31 3
96 14 8
1 88 4
84 31 1
94 80 7
50 20 6
82 68 9
67 40 9
12 25 1
72 83 2
50 98 9
88 38 2
22 4 8
0 43 3
63 13 7
57 82 3
78 4 8
81 53 1
85 16 9
87 69 7
15 29 1
91 44 10
77 53 3
9 7 1
12 29 9
96 46 5
98 73 10
92 21 2
7 10 6
58 90 9
63 82 8
56 75 10
49 63 4
84 13 1
41 4 7
9 90 2
86 39 7
48 24 3
31 6 5
5